VARIABLES = "CoordinateX", "CoordinateY", "CoordinateZ"
Zone T="wing_surface" I=3078
DATAPACKING=POINT
0.000105 0.000069 0.000000 
0.015524 0.275317 0.000000 
0.061759 0.549968 -0.000000 
0.138736 0.823390 -0.000000 
0.246338 1.094938 0.000000 
0.384400 1.363957 0.000000 
0.552707 1.629771 0.000000 
0.751000 1.891680 -0.000000 
0.978975 2.148960 0.000000 
1.236278 2.400854 0.000000 
1.522515 2.646575 0.000000 
1.837242 2.885303 -0.000000 
2.179975 3.116184 0.000000 
2.550185 3.338330 0.000000 
2.947302 3.550826 0.000000 
3.370713 3.752733 -0.000000 
3.819765 3.943092 0.000000 
4.293767 4.120937 -0.000000 
4.791986 4.285303 0.000000 
5.313655 4.435238 -0.000000 
5.857970 4.569820 -0.000000 
6.424090 4.688173 -0.000000 
7.011144 4.789481 0.000000 
7.618226 4.873008 -0.000000 
8.244400 4.938119 0.000000 
8.888701 4.984295 0.000000 
9.550134 5.011152 -0.000000 
10.227680 5.018456 0.000000 
10.920295 5.006139 -0.000000 
11.626910 4.974311 -0.000000 
12.346437 4.923265 0.000000 
13.077764 4.853488 -0.000000 
13.819765 4.765656 -0.000000 
14.571296 4.660636 -0.000000 
15.331198 4.539475 -0.000000 
16.098299 4.403393 0.000000 
16.871416 4.253763 0.000000 
17.649357 4.092094 0.000000 
18.430923 3.920009 -0.000000 
19.214909 3.739218 0.000000 
20.000105 3.551492 0.000000 
20.785302 3.358633 -0.000000 
21.569287 3.162444 0.000000 
22.350853 2.964700 -0.000000 
23.128795 2.767120 -0.000000 
23.901912 2.571339 -0.000000 
24.669012 2.378884 0.000000 
25.428914 2.191153 -0.000000 
26.180445 2.009394 -0.000000 
26.922446 1.834696 -0.000000 
27.653774 1.667975 -0.000000 
28.373300 1.509971 -0.000000 
29.079915 1.361245 -0.000000 
29.772530 1.222181 -0.000000 
30.450076 1.092997 0.000000 
31.111510 0.973751 0.000000 
31.755810 0.864356 0.000000 
32.381984 0.764596 -0.000000 
32.989066 0.674144 0.000000 
33.576120 0.592579 0.000000 
34.142241 0.519407 -0.000000 
34.686555 0.454080 0.000000 
35.208225 0.396016 -0.000000 
35.706444 0.344616 -0.000000 
36.180445 0.299278 0.000000 
36.629497 0.259415 -0.000000 
37.052908 0.224465 0.000000 
37.450025 0.193900 0.000000 
37.820236 0.167237 0.000000 
38.162969 0.144038 -0.000000 
38.477696 0.123916 0.000000 
38.763932 0.106536 0.000000 
39.021236 0.091612 -0.000000 
39.249210 0.078906 -0.000000 
39.447504 0.068223 -0.000000 
39.615811 0.059408 0.000000 
39.753872 0.052339 0.000000 
39.861474 0.046926 0.000000 
39.938452 0.043102 0.000000 
39.984686 0.040825 0.000000 
40.000105 0.040069 0.000000 
0.035739 0.000381 0.300047 
0.050896 0.276351 0.300047 
0.096821 0.551756 0.300047 
0.173443 0.825970 0.300047 
0.280644 1.098354 0.300047 
0.418260 1.368256 0.300047 
0.586078 1.635005 0.300047 
0.783840 1.897904 0.300047 
1.011241 2.156231 0.300047 
1.267931 2.409232 0.300047 
1.553515 2.656119 0.300047 
1.867551 2.896071 0.300047 
2.209557 3.128233 0.300047 
2.579006 3.351714 0.300047 
2.975329 3.565594 0.300047 
3.397914 3.768929 0.300047 
3.846112 3.960753 0.300047 
4.319230 4.140091 0.300047 
4.816542 4.305969 0.300047 
5.337279 4.457425 0.300047 
5.880641 4.593528 0.300047 
6.445789 4.713386 0.300047 
7.031854 4.816174 0.300047 
7.637931 4.901145 0.300047 
8.263086 4.967649 0.300047 
8.906357 5.015156 0.300047 
9.566751 5.043270 0.300047 
10.243251 5.051748 0.300047 
10.934812 5.040512 0.300047 
11.640370 5.009663 0.300047 
12.358836 4.959489 0.300047 
13.089101 4.890470 0.300047 
13.830039 4.803280 0.300047 
14.580507 4.698783 0.300047 
15.339347 4.578028 0.300047 
16.105388 4.442235 0.300047 
16.877449 4.292783 0.300047 
17.654336 4.131187 0.300047 
18.434852 3.959075 0.300047 
19.217791 3.778168 0.300047 
20.001945 3.590245 0.300047 
20.786104 3.397120 0.300047 
21.569056 3.200606 0.300047 
22.349595 3.002491 0.300047 
23.126514 2.804505 0.300047 
23.898614 2.608296 0.300047 
24.664705 2.415402 0.300047 
25.423603 2.227230 0.300047 
26.174139 2.045041 0.300047 
26.915153 1.869930 0.300047 
27.645503 1.702824 0.300047 
28.364062 1.544466 0.300047 
29.069722 1.395424 0.300047 
29.761395 1.256087 0.300047 
30.438013 1.126673 0.300047 
31.098535 1.007244 0.300047 
31.741942 0.897711 0.300047 
32.367241 0.797858 0.300047 
32.973470 0.707355 0.300047 
33.559694 0.625780 0.300047 
34.125009 0.552634 0.300047 
34.668545 0.487366 0.300047 
35.189464 0.429390 0.300047 
35.686963 0.378101 0.300047 
36.160276 0.332892 0.300047 
36.608674 0.293174 0.300047 
37.031465 0.258377 0.300047 
37.427999 0.227972 0.300047 
37.797664 0.201470 0.300047 
38.139891 0.178430 0.300047 
38.454153 0.158463 0.300047 
38.739965 0.141230 0.300047 
38.996886 0.126442 0.300047 
39.224522 0.113861 0.300047 
39.422520 0.103288 0.300047 
39.590577 0.094568 0.300047 
39.728432 0.087579 0.300047 
39.835874 0.082228 0.300047 
39.912737 0.078450 0.300047 
39.958902 0.076199 0.300047 
39.974298 0.075452 0.300047 
1.246576 0.003313 1.191071 
1.260693 0.271381 1.191071 
1.304590 0.538979 1.191071 
1.378199 0.805516 1.191071 
1.481407 1.070389 1.191071 
1.614056 1.332979 1.191071 
1.775943 1.592649 1.191071 
1.966818 1.848734 1.191071 
2.186388 2.100545 1.191071 
2.434315 2.347358 1.191071 
2.710218 2.588415 1.191071 
3.013673 2.822925 1.191071 
3.344213 3.050056 1.191071 
3.701330 3.268944 1.191071 
4.084476 3.478693 1.191071 
4.493061 3.678377 1.191071 
4.926457 3.867049 1.191071 
5.383997 4.043751 1.191071 
5.864979 4.207519 1.191071 
6.368663 4.357403 1.191071 
6.894273 4.492475 1.191071 
7.441002 4.611849 1.191071 
8.008008 4.714697 1.191071 
8.594419 4.800267 1.191071 
9.199333 4.867903 1.191071 
9.821817 4.917062 1.191071 
10.460913 4.947332 1.191071 
11.115636 4.958451 1.191071 
11.784977 4.950319 1.191071 
12.467904 4.923009 1.191071 
13.163362 4.876781 1.191071 
13.870279 4.812084 1.191071 
14.587563 4.729556 1.191071 
15.314105 4.630026 1.191071 
16.048784 4.514504 1.191071 
16.790463 4.384173 1.191071 
17.537995 4.240369 1.191071 
18.290224 4.084568 1.191071 
19.045986 3.918360 1.191071 
19.804112 3.743424 1.191071 
20.563429 3.561502 1.191071 
21.322760 3.374370 1.191071 
22.080932 3.183809 1.191071 
22.836770 2.991573 1.191071 
23.589106 2.799362 1.191071 
24.336775 2.608797 1.191071 
25.078620 2.421392 1.191071 
25.813496 2.238534 1.191071 
26.540265 2.061466 1.191071 
27.257805 1.891271 1.191071 
27.965007 1.728860 1.191071 
28.660781 1.574973 1.191071 
29.344051 1.430171 1.191071 
30.013764 1.294840 1.191071 
30.668887 1.169200 1.191071 
31.308410 1.053314 1.191071 
31.931349 0.947098 1.191071 
32.536743 0.850343 1.191071 
33.123660 0.762726 1.191071 
33.691198 0.683831 1.191071 
34.238483 0.613172 1.191071 
34.764672 0.550205 1.191071 
35.268957 0.494354 1.191071 
35.750562 0.445024 1.191071 
36.208746 0.401619 1.191071 
36.642805 0.363556 1.191071 
37.052071 0.330276 1.191071 
37.435914 0.301255 1.191071 
37.793746 0.276013 1.191071 
38.125014 0.254115 1.191071 
38.429210 0.235176 1.191071 
38.705866 0.218862 1.191071 
38.954555 0.204890 1.191071 
39.174896 0.193021 1.191071 
39.366549 0.183063 1.191071 
39.529218 0.174859 1.191071 
39.662655 0.168291 1.191071 
39.766652 0.163266 1.191071 
39.841051 0.159721 1.191071 
39.885736 0.157610 1.191071 
39.900639 0.156909 1.191071 
4.258705 0.015870 2.645998 
4.271260 0.257331 2.645998 
4.311192 0.498439 2.645998 
4.378440 0.738674 2.645998 
4.472900 0.977510 2.645998 
4.594428 1.214403 2.645998 
4.742837 1.448793 2.645998 
4.917900 1.680097 2.645998 
5.119347 1.907704 2.645998 
5.346870 2.130976 2.645998 
5.600120 2.349239 2.645998 
5.878707 2.561788 2.645998 
6.182203 2.767881 2.645998 
6.510144 2.966743 2.645998 
6.862026 3.157568 2.645998 
7.237308 3.339520 2.645998 
7.635416 3.511740 2.645998 
8.055737 3.673358 2.645998 
8.497627 3.823493 2.645998 
8.960407 3.961273 2.645998 
9.443368 4.085845 2.645998 
9.945766 4.196388 2.645998 
10.466831 4.292130 2.645998 
11.005762 4.372368 2.645998 
11.561729 4.436481 2.645998 
12.133878 4.483947 2.645998 
12.721328 4.514366 2.645998 
13.323174 4.527467 2.645998 
13.938489 4.523129 2.645998 
14.566324 4.501389 2.645998 
15.205709 4.462452 2.645998 
15.855658 4.406695 2.645998 
16.515167 4.334672 2.645998 
17.183214 4.247112 2.645998 
17.858768 4.144908 2.645998 
18.540780 4.029116 2.645998 
19.228197 3.900936 2.645998 
19.919951 3.761696 2.645998 
20.614971 3.612831 2.645998 
21.312178 3.455863 2.645998 
22.010492 3.292375 2.645998 
22.708829 3.123983 2.645998 
23.406106 2.952309 2.645998 
24.101242 2.778957 2.645998 
24.793158 2.605483 2.645998 
25.480782 2.433372 2.645998 
26.163049 2.264013 2.645998 
26.838901 2.098683 2.645998 
27.507292 1.938526 2.645998 
28.167188 1.784541 2.645998 
28.817568 1.637573 2.645998 
29.457429 1.498306 2.645998 
30.085780 1.367264 2.645998 
30.701654 1.244809 2.645998 
31.304100 1.131151 2.645998 
31.892190 1.026354 2.645998 
32.465018 0.930351 2.645998 
33.021702 0.842952 2.645998 
33.561386 0.763869 2.645998 
34.083240 0.692726 2.645998 
34.586463 0.629078 2.645998 
35.070281 0.572431 2.645998 
35.533950 0.522257 2.645998 
35.976760 0.478014 2.645998 
36.398030 0.439153 2.645998 
36.797113 0.405141 2.645998 
37.173396 0.375466 2.645998 
37.526303 0.349645 2.645998 
37.855291 0.327238 2.645998 
38.159854 0.307843 2.645998 
38.439526 0.291108 2.645998 
38.693876 0.276725 2.645998 
38.922514 0.264431 2.645998 
39.125087 0.254009 2.645998 
39.301286 0.245278 2.645998 
39.450838 0.238098 2.645998 
39.573514 0.232355 2.645998 
39.669124 0.227966 2.645998 
39.737523 0.224872 2.645998 
39.778605 0.223031 2.645998 
39.792305 0.222419 2.645998 
7.456665 0.040702 4.620622 
7.468187 0.243853 4.620622 
7.504518 0.446711 4.620622 
7.565602 0.648843 4.620622 
7.651346 0.849809 4.620622 
7.761617 1.049158 4.620622 
7.896246 1.246424 4.620622 
8.055028 1.441123 4.620622 
8.237717 1.632750 4.620622 
8.444033 1.820778 4.620622 
8.673660 2.004649 4.620622 
8.926244 2.183783 4.620622 
9.201397 2.357565 4.620622 
9.498697 2.525356 4.620622 
9.817687 2.686488 4.620622 
10.157878 2.840266 4.620622 
10.518746 2.985976 4.620622 
10.899738 3.122890 4.620622 
11.300268 3.250271 4.620622 
11.719721 3.367384 4.620622 
12.157453 3.473506 4.620622 
12.612792 3.567940 4.620622 
13.085037 3.650026 4.620622 
13.573462 3.719155 4.620622 
14.077316 3.774786 4.620622 
14.595824 3.816461 4.620622 
15.128187 3.843815 4.620622 
15.673586 3.856596 4.620622 
16.231181 3.854674 4.620622 
16.800110 3.838052 4.620622 
17.379498 3.806872 4.620622 
17.968449 3.761425 4.620622 
18.566053 3.702151 4.620622 
19.171387 3.629639 4.620622 
19.783515 3.544621 4.620622 
20.401489 3.447967 4.620622 
21.024353 3.340675 4.620622 
21.651143 3.223853 4.620622 
22.280888 3.098706 4.620622 
22.912611 2.966514 4.620622 
23.545334 2.828614 4.620622 
24.178076 2.686375 4.620622 
24.809856 2.541177 4.620622 
25.439696 2.394386 4.620622 
26.066618 2.247330 4.620622 
26.689653 2.101282 4.620622 
27.307834 1.957435 4.620622 
27.920205 1.816889 4.620622 
28.525819 1.680630 4.620622 
29.123738 1.549526 4.620622 
29.713039 1.424310 4.620622 
30.292810 1.305583 4.620622 
30.862157 1.193804 4.620622 
31.420202 1.089297 4.620622 
31.966082 0.992255 4.620622 
32.498958 0.902746 4.620622 
33.018009 0.820721 4.620622 
33.522434 0.746030 4.620622 
34.011459 0.678435 4.620622 
34.484331 0.617621 4.620622 
34.940322 0.563215 4.620622 
35.378732 0.514797 4.620622 
35.798887 0.471922 4.620622 
36.200141 0.434125 4.620622 
36.581879 0.400940 4.620622 
36.943514 0.371910 4.620622 
37.284489 0.346597 4.620622 
37.604283 0.324588 4.620622 
37.902402 0.305504 4.620622 
38.178390 0.289000 4.620622 
38.431822 0.274771 4.620622 
38.662308 0.262554 4.620622 
38.869495 0.252121 4.620622 
39.053064 0.243284 4.620622 
39.212731 0.235888 4.620622 
39.348253 0.229809 4.620622 
39.459420 0.224951 4.620622 
39.546060 0.221240 4.620622 
39.608042 0.218624 4.620622 
39.645270 0.217068 4.620622 
39.657685 0.216552 4.620622 
11.378432 0.074823 7.054945 
11.389250 0.226944 7.054945 
11.421730 0.378757 7.054945 
11.475822 0.529926 7.054945 
11.551443 0.680110 7.054945 
11.648476 0.828965 7.054945 
11.766771 0.976137 7.054945 
11.906146 1.121261 7.054945 
12.066387 1.263962 7.054945 
12.247245 1.403848 7.054945 
12.448443 1.540512 7.054945 
12.669669 1.673530 7.054945 
12.910584 1.802459 7.054945 
13.170815 1.926836 7.054945 
13.449961 2.046179 7.054945 
13.747592 2.159991 7.054945 
14.063249 2.267756 7.054945 
14.396446 2.368951 7.054945 
14.746668 2.463041 7.054945 
15.113376 2.549494 7.054945 
15.496004 2.627784 7.054945 
15.893963 2.697400 7.054945 
16.306638 2.757853 7.054945 
16.733394 2.808693 7.054945 
17.173572 2.849514 7.054945 
17.626494 2.879966 7.054945 
18.091462 2.899768 7.054945 
18.567759 2.908719 7.054945 
19.054649 2.906705 7.054945 
19.551383 2.893707 7.054945 
20.057195 2.869814 7.054945 
20.571304 2.835219 7.054945 
21.092918 2.790229 7.054945 
21.621232 2.735261 7.054945 
22.155432 2.670844 7.054945 
22.694694 2.597607 7.054945 
23.238187 2.516279 7.054945 
23.785072 2.427677 7.054945 
24.334506 2.332689 7.054945 
24.885641 2.232269 7.054945 
25.437629 2.127412 7.054945 
25.989616 2.019144 7.054945 
26.540753 1.908501 7.054945 
27.090189 1.796516 7.054945 
27.637078 1.684193 7.054945 
28.180574 1.572500 7.054945 
28.719842 1.462348 7.054945 
29.254048 1.354577 7.054945 
29.782369 1.249948 7.054945 
30.303991 1.149131 7.054945 
30.818108 1.052698 7.054945 
31.323929 0.961117 7.054945 
31.820674 0.874755 7.054945 
32.307575 0.793874 7.054945 
32.783883 0.718636 7.054945 
33.248863 0.649106 7.054945 
33.701799 0.585265 7.054945 
34.141991 0.527010 7.054945 
34.568761 0.474173 7.054945 
34.981451 0.426525 7.054945 
35.379426 0.383792 7.054945 
35.762070 0.345665 7.054945 
36.128794 0.311809 7.054945 
36.479034 0.281879 7.054945 
36.812248 0.255522 7.054945 
37.127924 0.232396 7.054945 
37.425573 0.212168 7.054945 
37.704739 0.194525 7.054945 
37.964989 0.179179 7.054945 
38.205923 0.165869 7.054945 
38.427170 0.154361 7.054945 
38.628388 0.144454 7.054945 
38.809267 0.135973 7.054945 
38.969528 0.128774 7.054945 
39.108924 0.122738 7.054945 
39.227240 0.117770 7.054945 
39.324294 0.113794 7.054945 
39.399936 0.110754 7.054945 
39.447432 0.108461 7.044642 
39.470513 0.106973 7.030093 
39.478189 0.106479 7.025238 
14.852403 0.117162 9.875000 
14.859620 0.189363 9.875000 
14.879957 0.261284 9.875000 
14.913382 0.332752 9.875000 
14.959843 0.403594 9.875000 
15.019268 0.473635 9.875000 
15.091564 0.542699 9.875000 
15.176619 0.610608 9.875000 
15.274302 0.677182 9.875000 
15.384461 0.742236 9.875000 
15.506926 0.805582 9.875000 
15.641506 0.867025 9.875000 
15.787994 0.926367 9.875000 
15.946162 0.983400 9.875000 
16.115766 1.037914 9.875000 
16.296542 1.089688 9.875000 
16.488211 1.138498 9.875000 
16.690476 1.184114 9.875000 
16.903023 1.226303 9.875000 
17.125523 1.264832 9.875000 
17.357632 1.299468 9.875000 
17.598990 1.329986 9.875000 
17.849223 1.356170 9.875000 
18.107944 1.377816 9.875000 
18.374753 1.394741 9.875000 
18.649238 1.406786 9.875000 
18.930973 1.413822 9.875000 
19.219524 1.415753 9.875000 
19.514445 1.412521 9.875000 
19.815282 1.404115 9.875000 
20.121571 1.390568 9.875000 
20.432839 1.371964 9.875000 
20.748609 1.348438 9.875000 
21.068394 1.320176 9.875000 
21.391704 1.287417 9.875000 
21.718041 1.250450 9.875000 
22.046905 1.209607 9.875000 
22.377793 1.165268 9.875000 
22.710196 1.117844 9.875000 
23.043605 1.067782 9.875000 
23.377511 1.015548 9.875000 
23.711401 0.961627 9.875000 
24.044765 0.906509 9.875000 
24.377093 0.850686 9.875000 
24.707875 0.794638 9.875000 
25.036604 0.738830 9.875000 
25.362778 0.683702 9.875000 
25.685895 0.629662 9.875000 
26.005462 0.577082 9.875000 
26.320986 0.526290 9.875000 
26.631983 0.477572 9.875000 
26.937975 0.431163 9.875000 
27.238492 0.387248 9.875000 
27.533071 0.345966 9.875000 
27.821257 0.307406 9.875000 
28.102606 0.271611 9.875000 
28.376684 0.238582 9.875000 
28.643068 0.208281 9.875000 
28.901345 0.180637 9.875000 
29.151116 0.155550 9.875000 
29.391995 0.132896 9.875000 
29.623608 0.112534 9.875000 
29.845597 0.094310 9.875000 
30.057618 0.078062 9.875000 
30.259341 0.063628 9.875000 
30.450455 0.050845 9.875000 
30.630663 0.039558 9.875000 
30.799686 0.029618 9.875000 
30.957262 0.020888 9.875000 
31.103146 0.013243 9.875000 
31.237113 0.006574 9.875000 
31.358954 0.000783 9.875000 
31.468482 -0.004213 9.875000 
31.565527 -0.008485 9.875000 
31.649938 -0.012088 9.875000 
31.721585 -0.015070 9.875000 
31.780357 -0.017466 9.875000 
31.826163 -0.019304 9.875000 
31.858932 -0.020604 9.875000 
31.878614 -0.021378 9.875000 
31.885178 -0.021636 9.875000 
17.996958 0.166498 12.995102 
18.001038 0.193947 12.995102 
18.012011 0.221168 12.995102 
18.029859 0.248089 12.995102 
18.054554 0.274634 12.995102 
18.086056 0.300732 12.995102 
18.124318 0.326311 12.995102 
18.169278 0.351300 12.995102 
18.220866 0.375629 12.995102 
18.279004 0.399228 12.995102 
18.343599 0.422028 12.995102 
18.414552 0.443958 12.995102 
18.491753 0.464949 12.995102 
18.575081 0.484930 12.995102 
18.664407 0.503829 12.995102 
18.759593 0.521572 12.995102 
18.860490 0.538086 12.995102 
18.966942 0.553294 12.995102 
19.078784 0.567120 12.995102 
19.195841 0.579488 12.995102 
19.317932 0.590321 12.995102 
19.444867 0.599544 12.995102 
19.576450 0.607086 12.995102 
19.712476 0.612878 12.995102 
19.852734 0.616861 12.995102 
19.997007 0.618980 12.995102 
20.145072 0.619191 12.995102 
20.296699 0.617462 12.995102 
20.451654 0.613775 12.995102 
20.609698 0.608125 12.995102 
20.770587 0.600526 12.995102 
20.934074 0.591009 12.995102 
21.099908 0.579623 12.995102 
21.267833 0.566435 12.995102 
21.437593 0.551535 12.995102 
21.608928 0.535028 12.995102 
21.781575 0.517038 12.995102 
21.955272 0.497705 12.995102 
22.129753 0.477184 12.995102 
22.304752 0.455640 12.995102 
22.480002 0.433251 12.995102 
22.655237 0.410200 12.995102 
22.830191 0.386674 12.995102 
23.004596 0.362859 12.995102 
23.178188 0.338943 12.995102 
23.350701 0.315103 12.995102 
23.521873 0.291512 12.995102 
23.691444 0.268329 12.995102 
23.859153 0.245701 12.995102 
24.024745 0.223760 12.995102 
24.187965 0.202619 12.995102 
24.348565 0.182377 12.995102 
24.506297 0.163110 12.995102 
24.660919 0.144879 12.995102 
24.812192 0.127724 12.995102 
24.959884 0.111669 12.995102 
25.103766 0.096722 12.995102 
25.243616 0.082875 12.995102 
25.379216 0.070106 12.995102 
25.510358 0.058383 12.995102 
25.636836 0.047665 12.995102 
25.758456 0.037902 12.995102 
25.875026 0.029040 12.995102 
25.986367 0.021021 12.995102 
26.092305 0.013787 12.995102 
26.192675 0.007278 12.995102 
26.287320 0.001437 12.995102 
26.376094 -0.003790 12.995102 
26.458857 -0.008453 12.995102 
26.535482 -0.012600 12.995102 
26.605848 -0.016269 12.995102 
26.669847 -0.019499 12.995102 
26.727379 -0.022320 12.995102 
26.778355 -0.024757 12.995102 
26.822694 -0.026833 12.995102 
26.860330 -0.028564 12.995102 
26.891202 -0.029964 12.995102 
26.915264 -0.031043 12.995102 
26.932477 -0.031809 12.995102 
26.942816 -0.032267 12.995102 
26.946264 -0.032419 12.995102 
20.158497 0.221291 16.320448 
20.162372 0.238705 16.320448 
20.172580 0.255813 16.320448 
20.189103 0.272564 16.320448 
20.211916 0.288903 16.320448 
20.240983 0.304783 16.320448 
20.276257 0.320152 16.320448 
20.317684 0.334964 16.320448 
20.365198 0.349174 16.320448 
20.418725 0.362738 16.320448 
20.478182 0.375614 16.320448 
20.543477 0.387761 16.320448 
20.614508 0.399140 16.320448 
20.691164 0.409712 16.320448 
20.773327 0.419439 16.320448 
20.860868 0.428283 16.320448 
20.953653 0.436206 16.320448 
21.051536 0.443171 16.320448 
21.154366 0.449140 16.320448 
21.261983 0.454075 16.320448 
21.374220 0.457938 16.320448 
21.490903 0.460693 16.320448 
21.611850 0.462304 16.320448 
21.736875 0.462738 16.320448 
21.865782 0.461965 16.320448 
21.998371 0.459959 16.320448 
22.134439 0.456700 16.320448 
22.273773 0.452173 16.320448 
22.416159 0.446371 16.320448 
22.561377 0.439298 16.320448 
22.709203 0.430964 16.320448 
22.859409 0.421391 16.320448 
23.011764 0.410613 16.320448 
23.166035 0.398675 16.320448 
23.321986 0.385632 16.320448 
23.479377 0.371555 16.320448 
23.637969 0.356520 16.320448 
23.797519 0.340618 16.320448 
23.957784 0.323948 16.320448 
24.118522 0.306616 16.320448 
24.279486 0.288736 16.320448 
24.440434 0.270427 16.320448 
24.601119 0.251809 16.320448 
24.761299 0.233004 16.320448 
24.920730 0.214134 16.320448 
25.079170 0.195318 16.320448 
25.236378 0.176668 16.320448 
25.392114 0.158293 16.320448 
25.546141 0.140291 16.320448 
25.698225 0.122752 16.320448 
25.848133 0.105757 16.320448 
25.995635 0.089373 16.320448 
26.140506 0.073658 16.320448 
26.282522 0.058656 16.320448 
26.421466 0.044402 16.320448 
26.557123 0.030917 16.320448 
26.689283 0.018214 16.320448 
26.817742 0.006294 16.320448 
26.942301 -0.004849 16.320448 
27.062766 -0.015229 16.320448 
27.178951 -0.024868 16.320448 
27.290675 -0.033791 16.320448 
27.397763 -0.042026 16.320448 
27.500049 -0.049608 16.320448 
27.597373 -0.056567 16.320448 
27.689583 -0.062938 16.320448 
27.776536 -0.068754 16.320448 
27.858095 -0.074047 16.320448 
27.934134 -0.078845 16.320448 
28.004533 -0.083175 16.320448 
28.069184 -0.087061 16.320448 
28.127985 -0.090525 16.320448 
28.180844 -0.093584 16.320448 
28.227680 -0.096254 16.320448 
28.268419 -0.098547 16.320448 
28.302999 -0.100472 16.320448 
28.331365 -0.102038 16.320448 
28.353473 -0.103251 16.320448 
28.369289 -0.104115 16.320448 
28.378788 -0.104632 16.320448 
28.381956 -0.104804 16.320448 
22.390726 0.279737 19.750000 
22.394256 0.290691 19.750000 
22.403541 0.301272 19.750000 
22.418565 0.311444 19.750000 
22.439304 0.321171 19.750000 
22.465726 0.330417 19.750000 
22.497787 0.339150 19.750000 
22.535437 0.347340 19.750000 
22.578619 0.354958 19.750000 
22.627263 0.361978 19.750000 
22.681295 0.368375 19.750000 
22.740630 0.374128 19.750000 
22.805176 0.379214 19.750000 
22.874834 0.383616 19.750000 
22.949494 0.387314 19.750000 
23.029041 0.390293 19.750000 
23.113352 0.392536 19.750000 
23.202296 0.394027 19.750000 
23.295736 0.394751 19.750000 
23.393525 0.394692 19.750000 
23.495513 0.393836 19.750000 
23.601542 0.392169 19.750000 
23.711446 0.389678 19.750000 
23.825057 0.386348 19.750000 
23.942196 0.382171 19.750000 
24.062684 0.377138 19.750000 
24.186333 0.371242 19.750000 
24.312952 0.364482 19.750000 
24.442346 0.356860 19.750000 
24.574314 0.348382 19.750000 
24.708653 0.339062 19.750000 
24.845157 0.328918 19.750000 
24.983615 0.317975 19.750000 
25.123814 0.306266 19.750000 
25.265540 0.293830 19.750000 
25.408577 0.280714 19.750000 
25.552704 0.266972 19.750000 
25.697702 0.252662 19.750000 
25.843351 0.237852 19.750000 
25.989429 0.222612 19.750000 
26.135712 0.207018 19.750000 
26.281980 0.191149 19.750000 
26.428009 0.175085 19.750000 
26.573578 0.158910 19.750000 
26.718466 0.142704 19.750000 
26.862452 0.126548 19.750000 
27.005318 0.110520 19.750000 
27.146847 0.094694 19.750000 
27.286822 0.079139 19.750000 
27.425030 0.063918 19.750000 
27.561260 0.049089 19.750000 
27.695303 0.034703 19.750000 
27.826955 0.020802 19.750000 
27.956012 0.007423 19.750000 
28.082277 -0.005406 19.750000 
28.205555 -0.017665 19.750000 
28.325655 -0.029337 19.750000 
28.442391 -0.040416 19.750000 
28.555584 -0.050899 19.750000 
28.665056 -0.060789 19.750000 
28.770639 -0.070092 19.750000 
28.872167 -0.078819 19.750000 
28.969484 -0.086984 19.750000 
29.062436 -0.094601 19.750000 
29.150879 -0.101687 19.750000 
29.234675 -0.108259 19.750000 
29.313694 -0.114333 19.750000 
29.387812 -0.119925 19.750000 
29.456913 -0.125051 19.750000 
29.520889 -0.129724 19.750000 
29.579641 -0.133957 19.750000 
29.633077 -0.137761 19.750000 
29.681114 -0.141146 19.750000 
29.723677 -0.144117 19.750000 
29.760700 -0.146683 19.750000 
29.792125 -0.148847 19.750000 
29.817903 -0.150613 19.750000 
29.837994 -0.151984 19.750000 
29.852367 -0.152963 19.750000 
29.861000 -0.153549 19.750000 
29.863879 -0.153745 19.750000 
24.625474 0.339834 23.179552 
24.628621 0.347074 23.179552 
24.636944 0.353902 23.179552 
24.650431 0.360289 23.179552 
24.669059 0.366211 23.179552 
24.692798 0.371643 23.179552 
24.721611 0.376563 23.179552 
24.755452 0.380952 23.179552 
24.794268 0.384789 23.179552 
24.837999 0.388061 23.179552 
24.886576 0.390751 23.179552 
24.939923 0.392848 23.179552 
24.997959 0.394342 23.179552 
25.060593 0.395224 23.179552 
25.127729 0.395486 23.179552 
25.199261 0.395122 23.179552 
25.275080 0.394128 23.179552 
25.355068 0.392497 23.179552 
25.439101 0.390228 23.179552 
25.527049 0.387315 23.179552 
25.618776 0.383755 23.179552 
25.714141 0.379547 23.179552 
25.812994 0.374687 23.179552 
25.915183 0.369175 23.179552 
26.020551 0.363009 23.179552 
26.128933 0.356191 23.179552 
26.240162 0.348722 23.179552 
26.354066 0.340608 23.179552 
26.470469 0.331855 23.179552 
26.589192 0.322474 23.179552 
26.710050 0.312478 23.179552 
26.832859 0.301886 23.179552 
26.957428 0.290718 23.179552 
27.083567 0.279001 23.179552 
27.211082 0.266766 23.179552 
27.339777 0.254049 23.179552 
27.469457 0.240889 23.179552 
27.599922 0.227331 23.179552 
27.730973 0.213424 23.179552 
27.862411 0.199219 23.179552 
27.994036 0.184772 23.179552 
28.125647 0.170140 23.179552 
28.257044 0.155382 23.179552 
28.388027 0.140557 23.179552 
28.518397 0.125727 23.179552 
28.647955 0.110950 23.179552 
28.776505 0.096283 23.179552 
28.903851 0.081782 23.179552 
29.029798 0.067499 23.179552 
29.154155 0.053483 23.179552 
29.276731 0.039778 23.179552 
29.397338 0.026423 23.179552 
29.515793 0.013455 23.179552 
29.631912 0.000903 23.179552 
29.745517 -0.011207 23.179552 
29.856434 -0.022855 23.179552 
29.964491 -0.034026 23.179552 
30.069521 -0.044708 23.179552 
30.171362 -0.054894 23.179552 
30.269855 -0.064580 23.179552 
30.364847 -0.073766 23.179552 
30.456191 -0.082453 23.179552 
30.543745 -0.090646 23.179552 
30.627372 -0.098350 23.179552 
30.706942 -0.105572 23.179552 
30.782331 -0.112318 23.179552 
30.853422 -0.118597 23.179552 
30.920103 -0.124416 23.179552 
30.982270 -0.129781 23.179552 
31.039827 -0.134699 23.179552 
31.092684 -0.139176 23.179552 
31.140758 -0.143216 23.179552 
31.183975 -0.146824 23.179552 
31.222267 -0.150002 23.179552 
31.255575 -0.152753 23.179552 
31.283846 -0.155079 23.179552 
31.307037 -0.156981 23.179552 
31.325112 -0.158459 23.179552 
31.338043 -0.159515 23.179552 
31.345810 -0.160148 23.179552 
31.348400 -0.160359 23.179552 
26.794401 0.399467 26.504898 
26.797189 0.404780 26.504898 
26.804596 0.409672 26.504898 
26.816609 0.414124 26.504898 
26.833208 0.418116 26.504898 
26.854367 0.421630 26.504898 
26.880053 0.424649 26.504898 
26.910224 0.427159 26.504898 
26.944833 0.429148 26.504898 
26.983827 0.430603 26.504898 
27.027144 0.431517 26.504898 
27.074718 0.431882 26.504898 
27.126475 0.431692 26.504898 
27.182334 0.430943 26.504898 
27.242209 0.429633 26.504898 
27.306007 0.427761 26.504898 
27.373630 0.425325 26.504898 
27.444973 0.422327 26.504898 
27.519925 0.418766 26.504898 
27.598372 0.414644 26.504898 
27.680191 0.409963 26.504898 
27.765256 0.404726 26.504898 
27.853435 0.398933 26.504898 
27.944592 0.392590 26.504898 
28.038585 0.385698 26.504898 
28.135270 0.378264 26.504898 
28.234497 0.370292 26.504898 
28.336111 0.361791 26.504898 
28.439957 0.352769 26.504898 
28.545874 0.343238 26.504898 
28.653698 0.333211 26.504898 
28.763264 0.322706 26.504898 
28.874402 0.311742 26.504898 
28.986942 0.300342 26.504898 
29.100711 0.288532 26.504898 
29.215535 0.276342 26.504898 
29.331238 0.263806 26.504898 
29.447642 0.250959 26.504898 
29.564571 0.237842 26.504898 
29.681846 0.224496 26.504898 
29.799287 0.210966 26.504898 
29.916717 0.197297 26.504898 
30.033956 0.183539 26.504898 
30.150825 0.169738 26.504898 
30.267148 0.155943 26.504898 
30.382746 0.142202 26.504898 
30.497445 0.128562 26.504898 
30.611069 0.115068 26.504898 
30.723444 0.101762 26.504898 
30.834400 0.088686 26.504898 
30.943766 0.075876 26.504898 
31.051376 0.063366 26.504898 
31.157063 0.051186 26.504898 
31.260667 0.039364 26.504898 
31.362028 0.027922 26.504898 
31.460989 0.016879 26.504898 
31.557397 0.006252 26.504898 
31.651105 -0.003949 26.504898 
31.741966 -0.013713 26.504898 
31.829840 -0.023034 26.504898 
31.914591 -0.031909 26.504898 
31.996086 -0.040334 26.504898 
32.074200 -0.048310 26.504898 
32.148809 -0.055838 26.504898 
32.219799 -0.062920 26.504898 
32.287059 -0.069559 26.504898 
32.350483 -0.075757 26.504898 
32.409973 -0.081517 26.504898 
32.465437 -0.086843 26.504898 
32.516787 -0.091737 26.504898 
32.563943 -0.096202 26.504898 
32.606833 -0.100238 26.504898 
32.645389 -0.103849 26.504898 
32.679551 -0.107034 26.504898 
32.709266 -0.109794 26.504898 
32.734489 -0.112130 26.504898 
32.755179 -0.114041 26.504898 
32.771305 -0.115528 26.504898 
32.782841 -0.116591 26.504898 
32.789770 -0.117228 26.504898 
32.792081 -0.117441 26.504898 
28.830999 0.456430 29.625000 
28.833480 0.460921 29.625000 
28.840058 0.465018 29.625000 
28.850721 0.468703 29.625000 
28.865454 0.471960 29.625000 
28.884231 0.474774 29.625000 
28.907023 0.477130 29.625000 
28.933794 0.479018 29.625000 
28.964502 0.480425 29.625000 
28.999099 0.481344 29.625000 
29.037532 0.481766 29.625000 
29.079740 0.481688 29.625000 
29.125658 0.481104 29.625000 
29.175216 0.480012 29.625000 
29.228335 0.478411 29.625000 
29.284935 0.476300 29.625000 
29.344927 0.473681 29.625000 
29.408220 0.470553 29.625000 
29.474714 0.466920 29.625000 
29.544307 0.462783 29.625000 
29.616892 0.458145 29.625000 
29.692356 0.453009 29.625000 
29.770583 0.447379 29.625000 
29.851451 0.441258 29.625000 
29.934835 0.434650 29.625000 
30.020606 0.427561 29.625000 
30.108632 0.419996 29.625000 
30.198776 0.411964 29.625000 
30.290899 0.403473 29.625000 
30.384858 0.394534 29.625000 
30.480510 0.385160 29.625000 
30.577706 0.375366 29.625000 
30.676297 0.365170 29.625000 
30.776131 0.354592 29.625000 
30.877055 0.343657 29.625000 
30.978915 0.332391 29.625000 
31.081553 0.320822 29.625000 
31.184814 0.308984 29.625000 
31.288539 0.296911 29.625000 
31.392571 0.284639 29.625000 
31.496751 0.272209 29.625000 
31.600919 0.259660 29.625000 
31.704919 0.247034 29.625000 
31.808590 0.234374 29.625000 
31.911777 0.221722 29.625000 
32.014320 0.209121 29.625000 
32.116065 0.196611 29.625000 
32.216857 0.184233 29.625000 
32.316541 0.172024 29.625000 
32.414966 0.160020 29.625000 
32.511981 0.148255 29.625000 
32.607438 0.136758 29.625000 
32.701190 0.125556 29.625000 
32.793094 0.114675 29.625000 
32.883007 0.104135 29.625000 
32.970793 0.093953 29.625000 
33.056314 0.084144 29.625000 
33.139440 0.074720 29.625000 
33.220040 0.065690 29.625000 
33.297991 0.057061 29.625000 
33.373172 0.048837 29.625000 
33.445465 0.041022 29.625000 
33.514758 0.033615 29.625000 
33.580944 0.026618 29.625000 
33.643918 0.020029 29.625000 
33.703583 0.013848 29.625000 
33.759846 0.008072 29.625000 
33.812620 0.002700 29.625000 
33.861821 -0.002270 29.625000 
33.907373 -0.006840 29.625000 
33.949206 -0.011011 29.625000 
33.987253 -0.014784 29.625000 
34.021456 -0.018160 29.625000 
34.051761 -0.021140 29.625000 
34.078122 -0.023723 29.625000 
34.100497 -0.025909 29.625000 
34.118851 -0.027699 29.625000 
34.133156 -0.029091 29.625000 
34.143390 -0.030086 29.625000 
34.149537 -0.030683 29.625000 
34.151587 -0.030882 29.625000 
30.671481 0.507740 32.445055 
30.673710 0.512143 32.445055 
30.679568 0.516200 32.445055 
30.689044 0.519896 32.445055 
30.702122 0.523214 32.445055 
30.718782 0.526140 32.445055 
30.738998 0.528660 32.445055 
30.762737 0.530762 32.445055 
30.789961 0.532436 32.445055 
30.820630 0.533674 32.445055 
30.854694 0.534467 32.445055 
30.892100 0.534810 32.445055 
30.932792 0.534698 32.445055 
30.976705 0.534129 32.445055 
31.023772 0.533099 32.445055 
31.073919 0.531607 32.445055 
31.127070 0.529652 32.445055 
31.183142 0.527236 32.445055 
31.242048 0.524357 32.445055 
31.303697 0.521017 32.445055 
31.367993 0.517216 32.445055 
31.434838 0.512956 32.445055 
31.504127 0.508239 32.445055 
31.575754 0.503066 32.445055 
31.649607 0.497441 32.445055 
31.725572 0.491365 32.445055 
31.803531 0.484844 32.445055 
31.883363 0.477884 32.445055 
31.964947 0.470491 32.445055 
32.048154 0.462674 32.445055 
32.132857 0.454444 32.445055 
32.218926 0.445815 32.445055 
32.306228 0.436802 32.445055 
32.394628 0.427425 32.445055 
32.483991 0.417705 32.445055 
32.574181 0.407667 32.445055 
32.665058 0.397337 32.445055 
32.756485 0.386747 32.445055 
32.848322 0.375929 32.445055 
32.940429 0.364917 32.445055 
33.032665 0.353750 32.445055 
33.124891 0.342465 32.445055 
33.216966 0.331102 32.445055 
33.308750 0.319701 32.445055 
33.400103 0.308303 32.445055 
33.490888 0.296948 32.445055 
33.580966 0.285675 32.445055 
33.670200 0.274522 32.445055 
33.758453 0.263524 32.445055 
33.845592 0.252715 32.445055 
33.931484 0.242127 32.445055 
34.015996 0.231787 32.445055 
34.099000 0.221722 32.445055 
34.180369 0.211953 32.445055 
34.259976 0.202499 32.445055 
34.337700 0.193376 32.445055 
34.413420 0.184598 32.445055 
34.487020 0.176175 32.445055 
34.558385 0.168113 32.445055 
34.627405 0.160419 32.445055 
34.693972 0.153096 32.445055 
34.757984 0.146145 32.445055 
34.819340 0.139566 32.445055 
34.877945 0.133358 32.445055 
34.933707 0.127519 32.445055 
34.986539 0.122047 32.445055 
35.036360 0.116940 32.445055 
35.083090 0.112193 32.445055 
35.126658 0.107806 32.445055 
35.166995 0.103775 32.445055 
35.204038 0.100099 32.445055 
35.237730 0.096776 32.445055 
35.268017 0.093803 32.445055 
35.294853 0.091181 32.445055 
35.318196 0.088910 32.445055 
35.338009 0.086987 32.445055 
35.354263 0.085414 32.445055 
35.366930 0.084190 32.445055 
35.375993 0.083316 32.445055 
35.381436 0.082792 32.445055 
35.383251 0.082617 32.445055 
32.252303 0.546846 34.879378 
32.254335 0.551713 34.879378 
32.259592 0.556294 34.879378 
32.268065 0.560570 34.879378 
32.279740 0.564526 34.879378 
32.294598 0.568146 34.879378 
32.312616 0.571415 34.879378 
32.333766 0.574321 34.879378 
32.358013 0.576851 34.879378 
32.385320 0.578996 34.879378 
32.415645 0.580746 34.879378 
32.448940 0.582093 34.879378 
32.485153 0.583031 34.879378 
32.524229 0.583554 34.879378 
32.566106 0.583657 34.879378 
32.610721 0.583337 34.879378 
32.658003 0.582588 34.879378 
32.707880 0.581409 34.879378 
32.760273 0.579797 34.879378 
32.815103 0.577748 34.879378 
32.872284 0.575260 34.879378 
32.931727 0.572331 34.879378 
32.993339 0.568958 34.879378 
33.057027 0.565141 34.879378 
33.122690 0.560877 34.879378 
33.190226 0.556167 34.879378 
33.259532 0.551011 34.879378 
33.330500 0.545413 34.879378 
33.403020 0.539375 34.879378 
33.476980 0.532906 34.879378 
33.552266 0.526012 34.879378 
33.628761 0.518706 34.879378 
33.706349 0.511001 34.879378 
33.784909 0.502916 34.879378 
33.864322 0.494472 34.879378 
33.944466 0.485691 34.879378 
34.025219 0.476602 34.879378 
34.106457 0.467235 34.879378 
34.188057 0.457623 34.879378 
34.269894 0.447802 34.879378 
34.351845 0.437809 34.879378 
34.433784 0.427685 34.879378 
34.515589 0.417471 34.879378 
34.597134 0.407206 34.879378 
34.678296 0.396935 34.879378 
34.758953 0.386696 34.879378 
34.838981 0.376532 34.879378 
34.918260 0.366479 34.879378 
34.996669 0.356574 34.879378 
35.074088 0.346851 34.879378 
35.150399 0.337342 34.879378 
35.225487 0.328075 34.879378 
35.299235 0.319073 34.879378 
35.371532 0.310358 34.879378 
35.442265 0.301949 34.879378 
35.511326 0.293859 34.879378 
35.578608 0.286099 34.879378 
35.644007 0.278678 34.879378 
35.707422 0.271601 34.879378 
35.768755 0.264870 34.879378 
35.827909 0.258487 34.879378 
35.884793 0.252449 34.879378 
35.939318 0.246755 34.879378 
35.991400 0.241401 34.879378 
36.040956 0.236382 34.879378 
36.087909 0.231693 34.879378 
36.132186 0.227329 34.879378 
36.173717 0.223285 34.879378 
36.212438 0.219556 34.879378 
36.248287 0.216138 34.879378 
36.281210 0.213027 34.879378 
36.311154 0.210220 34.879378 
36.338073 0.207713 34.879378 
36.361924 0.205505 34.879378 
36.382671 0.203593 34.879378 
36.400282 0.201978 34.879378 
36.414727 0.200656 34.879378 
36.425986 0.199629 34.879378 
36.434041 0.198896 34.879378 
36.438879 0.198456 34.879378 
36.440492 0.198309 34.879378 
33.519785 0.568860 36.854002 
33.521666 0.574620 36.854002 
33.526445 0.580148 36.854002 
33.534115 0.585427 36.854002 
33.544662 0.590438 36.854002 
33.558070 0.595163 36.854002 
33.574317 0.599588 36.854002 
33.593379 0.603695 36.854002 
33.615224 0.607472 36.854002 
33.639818 0.610905 36.854002 
33.667124 0.613984 36.854002 
33.697098 0.616696 36.854002 
33.729694 0.619032 36.854002 
33.764862 0.620983 36.854002 
33.802547 0.622540 36.854002 
33.842689 0.623696 36.854002 
33.885227 0.624441 36.854002 
33.930096 0.624770 36.854002 
33.977224 0.624672 36.854002 
34.026539 0.624142 36.854002 
34.077964 0.623172 36.854002 
34.131419 0.621752 36.854002 
34.186821 0.619878 36.854002 
34.244085 0.617541 36.854002 
34.303120 0.614736 36.854002 
34.363835 0.611457 36.854002 
34.426137 0.607702 36.854002 
34.489927 0.603467 36.854002 
34.555108 0.598755 36.854002 
34.621579 0.593569 36.854002 
34.689237 0.587914 36.854002 
34.757978 0.581800 36.854002 
34.827697 0.575241 36.854002 
34.898285 0.568254 36.854002 
34.969635 0.560861 36.854002 
35.041639 0.553086 36.854002 
35.114186 0.544958 36.854002 
35.187166 0.536511 36.854002 
35.260468 0.527781 36.854002 
35.333981 0.518807 36.854002 
35.407594 0.509632 36.854002 
35.481196 0.500298 36.854002 
35.554674 0.490851 36.854002 
35.627919 0.481338 36.854002 
35.700819 0.471803 36.854002 
35.773265 0.462294 36.854002 
35.845147 0.452852 36.854002 
35.916355 0.443521 36.854002 
35.986783 0.434340 36.854002 
36.056322 0.425345 36.854002 
36.124868 0.416570 36.854002 
36.192316 0.408043 36.854002 
36.258562 0.399791 36.854002 
36.323505 0.391834 36.854002 
36.387046 0.384190 36.854002 
36.449086 0.376871 36.854002 
36.509530 0.369888 36.854002 
36.568284 0.363245 36.854002 
36.625257 0.356946 36.854002 
36.680360 0.350991 36.854002 
36.733508 0.345376 36.854002 
36.784617 0.340097 36.854002 
36.833608 0.335147 36.854002 
36.880404 0.330520 36.854002 
36.924932 0.326207 36.854002 
36.967122 0.322199 36.854002 
37.006908 0.318488 36.854002 
37.044227 0.315065 36.854002 
37.079022 0.311924 36.854002 
37.111237 0.309055 36.854002 
37.140822 0.306454 36.854002 
37.167730 0.304113 36.854002 
37.191920 0.302030 36.854002 
37.213354 0.300198 36.854002 
37.231998 0.298617 36.854002 
37.247824 0.297282 36.854002 
37.260805 0.296191 36.854002 
37.270923 0.295345 36.854002 
37.278162 0.294741 36.854002 
37.282509 0.294378 36.854002 
37.283959 0.294258 36.854002 
34.445468 0.579699 38.308929 
34.447236 0.586570 38.308929 
34.451662 0.593255 38.308929 
34.458738 0.599732 38.308929 
34.468452 0.605982 38.308929 
34.480791 0.611985 38.308929 
34.495732 0.617724 38.308929 
34.513254 0.623181 38.308929 
34.533328 0.628339 38.308929 
34.555924 0.633182 38.308929 
34.581005 0.637697 38.308929 
34.608533 0.641868 38.308929 
34.638464 0.645682 38.308929 
34.670753 0.649126 38.308929 
34.705349 0.652187 38.308929 
34.742198 0.654852 38.308929 
34.781242 0.657108 38.308929 
34.822421 0.658942 38.308929 
34.865671 0.660341 38.308929 
34.910924 0.661290 38.308929 
34.958110 0.661777 38.308929 
35.007155 0.661788 38.308929 
35.057983 0.661309 38.308929 
35.110514 0.660327 38.308929 
35.164667 0.658832 38.308929 
35.220357 0.656813 38.308929 
35.277498 0.654261 38.308929 
35.336001 0.651171 38.308929 
35.395775 0.647539 38.308929 
35.456729 0.643366 38.308929 
35.518767 0.638656 38.308929 
35.581794 0.633417 38.308929 
35.645713 0.627664 38.308929 
35.710427 0.621413 38.308929 
35.775836 0.614688 38.308929 
35.841841 0.607518 38.308929 
35.908341 0.599933 38.308929 
35.975235 0.591972 38.308929 
36.042422 0.583676 38.308929 
36.109801 0.575091 38.308929 
36.177269 0.566263 38.308929 
36.244725 0.557244 38.308929 
36.312068 0.548086 38.308929 
36.379195 0.538841 38.308929 
36.446007 0.529561 38.308929 
36.512401 0.520300 38.308929 
36.578279 0.511106 38.308929 
36.643540 0.502027 38.308929 
36.708086 0.493108 38.308929 
36.771819 0.484390 38.308929 
36.834642 0.475908 38.308929 
36.896460 0.467695 38.308929 
36.957177 0.459778 38.308929 
37.016702 0.452179 38.308929 
37.074943 0.444916 38.308929 
37.131810 0.438001 38.308929 
37.187214 0.431442 38.308929 
37.241071 0.425243 38.308929 
37.293297 0.419404 38.308929 
37.343810 0.413921 38.308929 
37.392532 0.408789 38.308929 
37.439386 0.403998 38.308929 
37.484299 0.399540 38.308929 
37.527200 0.395402 38.308929 
37.568023 0.391571 38.308929 
37.606703 0.388037 38.308929 
37.643180 0.384786 38.308929 
37.677396 0.381806 38.308929 
37.709297 0.379086 38.308929 
37.738833 0.376616 38.308929 
37.765959 0.374386 38.308929 
37.790630 0.372389 38.308929 
37.812810 0.370618 38.308929 
37.832462 0.369066 38.308929 
37.849557 0.367729 38.308929 
37.864067 0.366603 38.308929 
37.875970 0.365686 38.308929 
37.885247 0.364974 38.308929 
37.891884 0.364467 38.308929 
37.895870 0.364163 38.308929 
37.897199 0.364061 38.308929 
35.015223 0.588204 39.199953 
35.016916 0.596036 39.199953 
35.021119 0.603709 39.199953 
35.027826 0.611200 39.199953 
35.037025 0.618490 39.199953 
35.048702 0.625556 39.199953 
35.062839 0.632381 39.199953 
35.079412 0.638944 39.199953 
35.098396 0.645226 39.199953 
35.119762 0.651211 39.199953 
35.143475 0.656880 39.199953 
35.169500 0.662217 39.199953 
35.197794 0.667205 39.199953 
35.228315 0.671828 39.199953 
35.261014 0.676068 39.199953 
35.295841 0.679909 39.199953 
35.332741 0.683333 39.199953 
35.371657 0.686322 39.199953 
35.412527 0.688859 39.199953 
35.455289 0.690925 39.199953 
35.499875 0.692500 39.199953 
35.546215 0.693567 39.199953 
35.594238 0.694107 39.199953 
35.643868 0.694101 39.199953 
35.695028 0.693535 39.199953 
35.747637 0.692392 39.199953 
35.801615 0.690661 39.199953 
35.856878 0.688331 39.199953 
35.913338 0.685398 39.199953 
35.970910 0.681860 39.199953 
36.029504 0.677718 39.199953 
36.089030 0.672982 39.199953 
36.149397 0.667665 39.199953 
36.210511 0.661786 39.199953 
36.272281 0.655370 39.199953 
36.334610 0.648447 39.199953 
36.397406 0.641054 39.199953 
36.460573 0.633233 39.199953 
36.524014 0.625030 39.199953 
36.587636 0.616496 39.199953 
36.651340 0.607684 39.199953 
36.715033 0.598652 39.199953 
36.778618 0.589457 39.199953 
36.841999 0.580159 39.199953 
36.905082 0.570817 39.199953 
36.967770 0.561489 39.199953 
37.029971 0.552230 39.199953 
37.091590 0.543094 39.199953 
37.152534 0.534129 39.199953 
37.212712 0.525381 39.199953 
37.272030 0.516889 39.199953 
37.330400 0.508689 39.199953 
37.387732 0.500808 39.199953 
37.443939 0.493271 39.199953 
37.498933 0.486096 39.199953 
37.552631 0.479294 39.199953 
37.604950 0.472873 39.199953 
37.655807 0.466835 39.199953 
37.705125 0.461179 39.199953 
37.752826 0.455898 39.199953 
37.798837 0.450983 39.199953 
37.843084 0.446424 39.199953 
37.885498 0.442206 39.199953 
37.926014 0.438316 39.199953 
37.964567 0.434737 39.199953 
38.001097 0.431455 39.199953 
38.035546 0.428453 39.199953 
38.067860 0.425716 39.199953 
38.097988 0.423232 39.199953 
38.125883 0.420986 39.199953 
38.151501 0.418968 39.199953 
38.174802 0.417168 39.199953 
38.195750 0.415576 39.199953 
38.214310 0.414186 39.199953 
38.230455 0.412992 39.199953 
38.244159 0.411988 39.199953 
38.255401 0.411171 39.199953 
38.264163 0.410539 39.199953 
38.270431 0.410088 39.199953 
38.274196 0.409819 39.199953 
38.275451 0.409729 39.199953 
35.208530 0.592015 39.500000 
35.210196 0.600232 39.500000 
35.214323 0.608300 39.500000 
35.220903 0.616195 39.500000 
35.229927 0.623896 39.500000 
35.241379 0.631383 39.500000 
35.255242 0.638635 39.500000 
35.271494 0.645632 39.500000 
35.290109 0.652354 39.500000 
35.311059 0.658784 39.500000 
35.334310 0.664903 39.500000 
35.359826 0.670693 39.500000 
35.387567 0.676136 39.500000 
35.417491 0.681213 39.500000 
35.449550 0.685907 39.500000 
35.483694 0.690199 39.500000 
35.519871 0.694070 39.500000 
35.558023 0.697500 39.500000 
35.598090 0.700469 39.500000 
35.640012 0.702956 39.500000 
35.683721 0.704942 39.500000 
35.729149 0.706403 39.500000 
35.776226 0.707321 39.500000 
35.824878 0.707676 39.500000 
35.875028 0.707448 39.500000 
35.926600 0.706622 39.500000 
35.979512 0.705184 39.500000 
36.033682 0.703123 39.500000 
36.089026 0.700431 39.500000 
36.145459 0.697107 39.500000 
36.202892 0.693152 39.500000 
36.261239 0.688575 39.500000 
36.320409 0.683390 39.500000 
36.380311 0.677615 39.500000 
36.440855 0.671277 39.500000 
36.501947 0.664407 39.500000 
36.563495 0.657044 39.500000 
36.625406 0.649232 39.500000 
36.687587 0.641018 39.500000 
36.749943 0.632455 39.500000 
36.812381 0.623601 39.500000 
36.874807 0.614514 39.500000 
36.937127 0.605256 39.500000 
36.999247 0.595888 39.500000 
37.061074 0.586473 39.500000 
37.122515 0.577070 39.500000 
37.183479 0.567737 39.500000 
37.243872 0.558531 39.500000 
37.303603 0.549502 39.500000 
37.362584 0.540696 39.500000 
37.420722 0.532155 39.500000 
37.477932 0.523916 39.500000 
37.534124 0.516007 39.500000 
37.589213 0.508452 39.500000 
37.643115 0.501271 39.500000 
37.695746 0.494475 39.500000 
37.747025 0.488070 39.500000 
37.796873 0.482060 39.500000 
37.845212 0.476440 39.500000 
37.891966 0.471205 39.500000 
37.937063 0.466344 39.500000 
37.980432 0.461846 39.500000 
38.022006 0.457694 39.500000 
38.061718 0.453874 39.500000 
38.099506 0.450368 39.500000 
38.135311 0.447160 39.500000 
38.169077 0.444233 39.500000 
38.200751 0.441571 39.500000 
38.230282 0.439159 39.500000 
38.257624 0.436983 39.500000 
38.282734 0.435031 39.500000 
38.305574 0.433293 39.500000 
38.326106 0.431758 39.500000 
38.344299 0.430420 39.500000 
38.360124 0.429271 39.500000 
38.373556 0.428306 39.500000 
38.384575 0.427522 39.500000 
38.393163 0.426915 39.500000 
38.399307 0.426483 39.500000 
38.402998 0.426224 39.500000 
38.404228 0.426138 39.500000 
0.000105 0.000069 0.000000 
0.015524 -0.110269 -0.000000 
0.061759 -0.220020 -0.000000 
0.138736 -0.328575 0.000000 
0.246338 -0.435341 -0.000000 
0.384400 -0.539750 0.000000 
0.552707 -0.641265 -0.000000 
0.751000 -0.739387 0.000000 
0.978975 -0.833659 0.000000 
1.236278 -0.923673 0.000000 
1.522515 -1.009072 0.000000 
1.837242 -1.089549 0.000000 
2.179975 -1.164853 0.000000 
2.550185 -1.234783 -0.000000 
2.947302 -1.299192 0.000000 
3.370713 -1.357980 -0.000000 
3.819765 -1.411092 -0.000000 
4.293767 -1.458517 -0.000000 
4.791986 -1.500279 0.000000 
5.313655 -1.536433 -0.000000 
5.857970 -1.567062 0.000000 
6.424090 -1.592272 -0.000000 
7.011144 -1.612185 0.000000 
7.618226 -1.626934 0.000000 
8.244400 -1.636665 -0.000000 
8.888701 -1.641526 0.000000 
9.550134 -1.641669 0.000000 
10.227680 -1.637247 0.000000 
10.920295 -1.628413 0.000000 
11.626910 -1.615320 0.000000 
12.346437 -1.598120 -0.000000 
13.077764 -1.576967 0.000000 
13.819765 -1.552015 -0.000000 
14.571296 -1.523423 0.000000 
15.331198 -1.491358 -0.000000 
16.098299 -1.455992 0.000000 
16.871416 -1.417509 0.000000 
17.649357 -1.376106 0.000000 
18.430923 -1.331995 0.000000 
19.214909 -1.285400 0.000000 
20.000105 -1.236566 -0.000000 
20.785302 -1.185751 0.000000 
21.569287 -1.133233 -0.000000 
22.350853 -1.079304 -0.000000 
23.128795 -1.024270 0.000000 
23.901912 -0.968448 0.000000 
24.669012 -0.912165 -0.000000 
25.428914 -0.855755 0.000000 
26.180445 -0.799551 -0.000000 
26.922446 -0.743885 0.000000 
27.653774 -0.689082 0.000000 
28.373300 -0.635456 0.000000 
29.079915 -0.583307 -0.000000 
29.772530 -0.532913 -0.000000 
30.450076 -0.484528 0.000000 
31.111510 -0.438381 0.000000 
31.755810 -0.394667 0.000000 
32.381984 -0.353550 0.000000 
32.989066 -0.315158 -0.000000 
33.576120 -0.279583 -0.000000 
34.142241 -0.246879 -0.000000 
34.686555 -0.217064 0.000000 
35.208225 -0.190119 0.000000 
35.706444 -0.165992 0.000000 
36.180445 -0.144598 -0.000000 
36.629497 -0.125822 -0.000000 
37.052908 -0.109526 -0.000000 
37.450025 -0.095546 0.000000 
37.820236 -0.083706 -0.000000 
38.162969 -0.073812 0.000000 
38.477696 -0.065665 0.000000 
38.763932 -0.059062 -0.000000 
39.021236 -0.053801 0.000000 
39.249210 -0.049688 0.000000 
39.447504 -0.046539 0.000000 
39.615811 -0.044184 -0.000000 
39.753872 -0.042475 -0.000000 
39.861474 -0.041283 0.000000 
39.938452 -0.040507 0.000000 
39.984686 -0.040071 0.000000 
40.000105 -0.039931 -0.000000 
0.035739 0.000381 0.300047 
0.051231 -0.110635 0.300047 
0.097489 -0.221035 0.300047 
0.174443 -0.330210 0.300047 
0.281973 -0.437564 0.300047 
0.419913 -0.542528 0.300047 
0.588051 -0.644563 0.300047 
0.786125 -0.743168 0.300047 
1.013832 -0.837887 0.300047 
1.270819 -0.928309 0.300047 
1.556690 -1.014075 0.300047 
1.871004 -1.094878 0.300047 
2.213277 -1.170464 0.300047 
2.582980 -1.240635 0.300047 
2.979543 -1.305238 0.300047 
3.402355 -1.364176 0.300047 
3.850765 -1.417392 0.300047 
4.324080 -1.464872 0.300047 
4.821571 -1.506640 0.300047 
5.342471 -1.542751 0.300047 
5.885977 -1.573287 0.300047 
6.451250 -1.598352 0.300047 
7.037421 -1.618067 0.300047 
7.643584 -1.632566 0.300047 
8.268805 -1.641991 0.300047 
8.912121 -1.646491 0.300047 
9.572539 -1.646218 0.300047 
10.249041 -1.641324 0.300047 
10.940585 -1.631961 0.300047 
11.646105 -1.618284 0.300047 
12.364511 -1.600444 0.300047 
13.094698 -1.578595 0.300047 
13.835538 -1.552894 0.300047 
14.585890 -1.523501 0.300047 
15.344598 -1.490584 0.300047 
16.110490 -1.454318 0.300047 
16.882387 -1.414891 0.300047 
17.659098 -1.372501 0.300047 
18.439426 -1.327363 0.300047 
19.222167 -1.279708 0.300047 
20.006115 -1.229783 0.300047 
20.790062 -1.177851 0.300047 
21.572798 -1.124196 0.300047 
22.353117 -1.069113 0.300047 
23.129816 -1.012913 0.300047 
23.901698 -0.955921 0.300047 
24.667572 -0.898467 0.300047 
25.426258 -0.840890 0.300047 
26.176586 -0.783529 0.300047 
26.917400 -0.726720 0.300047 
27.647557 -0.670793 0.300047 
28.365931 -0.616067 0.300047 
29.071416 -0.562845 0.300047 
29.762924 -0.511408 0.300047 
30.439388 -0.462014 0.300047 
31.099766 -0.414895 0.300047 
31.743039 -0.370249 0.300047 
32.368216 -0.328242 0.300047 
32.974332 -0.289002 0.300047 
33.560454 -0.252624 0.300047 
34.125677 -0.219162 0.300047 
34.669130 -0.188634 0.300047 
35.189975 -0.161022 0.300047 
35.687408 -0.136273 0.300047 
36.160663 -0.114302 0.300047 
36.609010 -0.094993 0.300047 
37.031757 -0.078207 0.300047 
37.428252 -0.063780 0.300047 
37.797883 -0.051532 0.300047 
38.140081 -0.041271 0.300047 
38.454318 -0.032795 0.300047 
38.740109 -0.025899 0.300047 
38.997013 -0.020381 0.300047 
39.224634 -0.016044 0.300047 
39.422621 -0.012704 0.300047 
39.590667 -0.010190 0.300047 
39.728515 -0.008351 0.300047 
39.835951 -0.007060 0.300047 
39.912810 -0.006213 0.300047 
39.958973 -0.005735 0.300047 
39.974368 -0.005581 0.300047 
1.246576 0.003313 1.191071 
1.261795 -0.105613 1.191071 
1.306791 -0.213881 1.191071 
1.381492 -0.320894 1.191071 
1.485782 -0.426073 1.191071 
1.619500 -0.528865 1.191071 
1.782438 -0.628743 1.191071 
1.974344 -0.725221 1.191071 
2.194921 -0.817853 1.191071 
2.443828 -0.906240 1.191071 
2.720680 -0.990031 1.191071 
3.025052 -1.068927 1.191071 
3.356472 -1.142680 1.191071 
3.714429 -1.211095 1.191071 
4.098372 -1.274024 1.191071 
4.507709 -1.331368 1.191071 
4.941807 -1.383071 1.191071 
5.399999 -1.429119 1.191071 
5.881578 -1.469531 1.191071 
6.385801 -1.504359 1.191071 
6.911892 -1.533679 1.191071 
7.459040 -1.557589 1.191071 
8.026402 -1.576205 1.191071 
8.613103 -1.589654 1.191071 
9.218238 -1.598072 1.191071 
9.840877 -1.601600 1.191071 
10.480058 -1.600384 1.191071 
11.134796 -1.594570 1.191071 
11.804084 -1.584306 1.191071 
12.486888 -1.569740 1.191071 
13.182156 -1.551019 1.191071 
13.888817 -1.528294 1.191071 
14.605782 -1.501719 1.191071 
15.331945 -1.471452 1.191071 
16.066187 -1.437660 1.191071 
16.807376 -1.400518 1.191071 
17.554370 -1.360212 1.191071 
18.306017 -1.316943 1.191071 
19.061159 -1.270926 1.191071 
19.818631 -1.222394 1.191071 
20.577267 -1.171596 1.191071 
21.335897 -1.118796 1.191071 
22.093353 -1.064280 1.191071 
22.848465 -1.008346 1.191071 
23.600072 -0.951307 1.191071 
24.347015 -0.893487 1.191071 
25.088142 -0.835219 1.191071 
25.822312 -0.776843 1.191071 
26.548394 -0.718698 1.191071 
27.265268 -0.661121 1.191071 
27.971830 -0.604441 1.191071 
28.666991 -0.548978 1.191071 
29.349680 -0.495032 1.191071 
30.018844 -0.442885 1.191071 
30.673454 -0.392794 1.191071 
31.312498 -0.344989 1.191071 
31.934994 -0.299668 1.191071 
32.539980 -0.256995 1.191071 
33.126525 -0.217100 1.191071 
33.693724 -0.180074 1.191071 
34.240702 -0.145973 1.191071 
34.766616 -0.114815 1.191071 
35.270656 -0.086582 1.191071 
35.752042 -0.061223 1.191071 
36.210033 -0.038654 1.191071 
36.643923 -0.018762 1.191071 
37.053040 -0.001408 1.191071 
37.436756 0.013568 1.191071 
37.794476 0.026343 1.191071 
38.125649 0.037106 1.191071 
38.429763 0.046056 1.191071 
38.706350 0.053394 1.191071 
38.954981 0.059319 1.191071 
39.175273 0.064024 1.191071 
39.366886 0.067691 1.191071 
39.529524 0.070486 1.191071 
39.662935 0.072559 1.191071 
39.766913 0.074035 1.191071 
39.841299 0.075015 1.191071 
39.885976 0.075573 1.191071 
39.900876 0.075755 1.191071 
4.258705 0.015870 2.645998 
4.272874 -0.083760 2.645998 
4.314415 -0.182740 2.645998 
4.383262 -0.280530 2.645998 
4.479306 -0.376603 2.645998 
4.602399 -0.470454 2.645998 
4.752348 -0.561606 2.645998 
4.928922 -0.649616 2.645998 
5.131846 -0.734078 2.645998 
5.360806 -0.814630 2.645998 
5.615449 -0.890952 2.645998 
5.895382 -0.962773 2.645998 
6.200171 -1.029868 2.645998 
6.529347 -1.092057 2.645998 
6.882402 -1.149207 2.645998 
7.258791 -1.201226 2.645998 
7.657935 -1.248065 2.645998 
8.079218 -1.289707 2.645998 
8.521990 -1.326169 2.645998 
8.985571 -1.357497 2.645998 
9.469245 -1.383759 2.645998 
9.972267 -1.405042 2.645998 
10.493863 -1.421448 2.645998 
11.033228 -1.433092 2.645998 
11.589532 -1.440095 2.645998 
12.161917 -1.442583 2.645998 
12.749502 -1.440686 2.645998 
13.351381 -1.434536 2.645998 
13.966627 -1.424265 2.645998 
14.594291 -1.410006 2.645998 
15.233407 -1.391894 2.645998 
15.882989 -1.370064 2.645998 
16.542036 -1.344659 2.645998 
17.209533 -1.315822 2.645998 
17.884451 -1.283707 2.645998 
18.565749 -1.248475 2.645998 
19.252378 -1.210302 2.645998 
19.943280 -1.169372 2.645998 
20.637390 -1.125888 2.645998 
21.333638 -1.080065 2.645998 
22.030952 -1.032137 2.645998 
22.728257 -0.982353 2.645998 
23.424479 -0.930977 2.645998 
24.118545 -0.878291 2.645998 
24.809386 -0.824585 2.645998 
25.495939 -0.770164 2.645998 
26.177144 -0.715339 2.645998 
26.851954 -0.660425 2.645998 
27.519329 -0.605740 2.645998 
28.178240 -0.551597 2.645998 
28.827673 -0.498303 2.645998 
29.466628 -0.446154 2.645998 
30.094120 -0.395430 2.645998 
30.709182 -0.346393 2.645998 
31.310868 -0.299280 2.645998 
31.898249 -0.254304 2.645998 
32.470420 -0.211648 2.645998 
33.026501 -0.171465 2.645998 
33.565633 -0.133873 2.645998 
34.086986 -0.098958 2.645998 
34.589755 -0.066771 2.645998 
35.073165 -0.037328 2.645998 
35.536471 -0.010612 2.645998 
35.978958 0.013423 2.645998 
36.399942 0.034855 2.645998 
36.798775 0.053789 2.645998 
37.174840 0.070351 2.645998 
37.527557 0.084688 2.645998 
37.856380 0.096963 2.645998 
38.160803 0.107350 2.645998 
38.440354 0.116031 2.645998 
38.694602 0.123190 2.645998 
38.923154 0.129009 2.645998 
39.125657 0.133665 2.645998 
39.301796 0.137325 2.645998 
39.451301 0.140141 2.645998 
39.573940 0.142248 2.645998 
39.669523 0.143763 2.645998 
39.737902 0.144778 2.645998 
39.778972 0.145359 2.645998 
39.792669 0.145548 2.645998 
7.456665 0.040702 4.620622 
7.469453 -0.044695 4.620622 
7.507045 -0.129536 4.620622 
7.569383 -0.213356 4.620622 
7.656369 -0.295700 4.620622 
7.767867 -0.376134 4.620622 
7.903705 -0.454248 4.620622 
8.063671 -0.529659 4.620622 
8.247518 -0.602021 4.620622 
8.454961 -0.671020 4.620622 
8.685681 -0.736384 4.620622 
8.939320 -0.797879 4.620622 
9.215487 -0.855314 4.620622 
9.513757 -0.908537 4.620622 
9.833668 -0.957433 4.620622 
10.174728 -1.001927 4.620622 
10.536411 -1.041977 4.620622 
10.918159 -1.077572 4.620622 
11.319385 -1.108728 4.620622 
11.739469 -1.135488 4.620622 
12.177765 -1.157911 4.620622 
12.633597 -1.176075 4.620622 
13.106263 -1.190069 4.620622 
13.595035 -1.199992 4.620622 
14.099159 -1.205951 4.620622 
14.617859 -1.208053 4.620622 
15.150335 -1.206413 4.620622 
15.695767 -1.201142 4.620622 
16.253315 -1.192355 4.620622 
16.822118 -1.180164 4.620622 
17.401301 -1.164686 4.620622 
17.989971 -1.146035 4.620622 
18.587220 -1.124332 4.620622 
19.192128 -1.099700 4.620622 
19.803762 -1.072268 4.620622 
20.421181 -1.042174 4.620622 
21.043432 -1.009567 4.620622 
21.669556 -0.974603 4.620622 
22.298589 -0.937456 4.620622 
22.929561 -0.898308 4.620622 
23.561499 -0.857360 4.620622 
24.193431 -0.814824 4.620622 
24.824382 -0.770927 4.620622 
25.453380 -0.725907 4.620622 
26.079456 -0.680017 4.620622 
26.701646 -0.633515 4.620622 
27.318992 -0.586669 4.620622 
27.930541 -0.539750 4.620622 
28.535352 -0.493028 4.620622 
29.132493 -0.446775 4.620622 
29.721045 -0.401251 4.620622 
30.300100 -0.356712 4.620622 
30.868767 -0.313398 4.620622 
31.426170 -0.271531 4.620622 
31.971449 -0.231316 4.620622 
32.503764 -0.192935 4.620622 
33.022295 -0.156544 4.620622 
33.526242 -0.122272 4.620622 
34.014830 -0.090221 4.620622 
34.487304 -0.060463 4.620622 
34.942937 -0.033039 4.620622 
35.381024 -0.007964 4.620622 
35.800891 0.014778 4.620622 
36.201891 0.035230 4.620622 
36.583403 0.053458 4.620622 
36.944840 0.069551 4.620622 
37.285643 0.083621 4.620622 
37.605286 0.095794 4.620622 
37.903276 0.106208 4.620622 
38.179153 0.115015 4.620622 
38.432490 0.122369 4.620622 
38.662897 0.128429 4.620622 
38.870016 0.133350 4.620622 
39.053528 0.137283 4.620622 
39.213150 0.140372 4.620622 
39.348635 0.142746 4.620622 
39.459772 0.144521 4.620622 
39.546391 0.145795 4.620622 
39.608358 0.146647 4.620622 
39.645576 0.147135 4.620622 
39.657989 0.147294 4.620622 
11.378432 0.074823 7.054945 
11.389280 0.009598 7.054945 
11.421791 -0.055275 7.054945 
11.475913 -0.119434 7.054945 
11.551563 -0.182523 7.054945 
11.648625 -0.244203 7.054945 
11.766949 -0.304154 7.054945 
11.906352 -0.362079 7.054945 
12.066620 -0.417707 7.054945 
12.247505 -0.470796 7.054945 
12.448729 -0.521134 7.054945 
12.669980 -0.568543 7.054945 
12.910919 -0.612874 7.054945 
13.171173 -0.654013 7.054945 
13.450341 -0.691875 7.054945 
13.747993 -0.726405 7.054945 
14.063669 -0.757576 7.054945 
14.396884 -0.785384 7.054945 
14.747123 -0.809847 7.054945 
15.113845 -0.831004 7.054945 
15.496487 -0.848906 7.054945 
15.894457 -0.863620 7.054945 
16.307142 -0.875220 7.054945 
16.733907 -0.883788 7.054945 
17.174091 -0.889411 7.054945 
17.627018 -0.892178 7.054945 
18.091989 -0.892178 7.054945 
18.568286 -0.889503 7.054945 
19.055176 -0.884240 7.054945 
19.551907 -0.876478 7.054945 
20.057713 -0.866305 7.054945 
20.571816 -0.853808 7.054945 
21.093422 -0.839078 7.054945 
21.621726 -0.822204 7.054945 
22.155915 -0.803281 7.054945 
22.695164 -0.782410 7.054945 
23.238642 -0.759696 7.054945 
23.785511 -0.735254 7.054945 
24.334928 -0.709207 7.054945 
24.886046 -0.681688 7.054945 
25.438015 -0.652840 7.054945 
25.989983 -0.622818 7.054945 
26.541100 -0.591785 7.054945 
27.090517 -0.559916 7.054945 
27.637385 -0.527394 7.054945 
28.180861 -0.494408 7.054945 
28.720109 -0.461155 7.054945 
29.254295 -0.427832 7.054945 
29.782598 -0.394642 7.054945 
30.304201 -0.361781 7.054945 
30.818300 -0.329444 7.054945 
31.324104 -0.297819 7.054945 
31.820832 -0.267084 7.054945 
32.307718 -0.237403 7.054945 
32.784012 -0.208927 7.054945 
33.248979 -0.181791 7.054945 
33.701902 -0.156110 7.054945 
34.142082 -0.131977 7.054945 
34.568842 -0.109468 7.054945 
34.981523 -0.088633 7.054945 
35.379488 -0.069502 7.054945 
35.762125 -0.052083 7.054945 
36.128843 -0.036360 7.054945 
36.479076 -0.022301 7.054945 
36.812285 -0.009852 7.054945 
37.127956 0.001057 7.054945 
37.425601 0.010510 7.054945 
37.704763 0.018606 7.054945 
37.965010 0.025451 7.054945 
38.205942 0.031160 7.054945 
38.427186 0.035852 7.054945 
38.628402 0.039646 7.054945 
38.809280 0.042661 7.054945 
38.969540 0.045012 7.054945 
39.108935 0.046807 7.054945 
39.227250 0.048144 7.054945 
39.324303 0.049112 7.054945 
39.399945 0.049784 7.054945 
39.447438 0.050071 7.044638 
39.470519 0.050104 7.030089 
39.478195 0.050112 7.025235 
14.852403 0.117162 9.875000 
14.858685 0.085594 9.875000 
14.878090 0.054082 9.875000 
14.910589 0.022811 9.875000 
14.956134 -0.008041 9.875000 
15.014655 -0.038302 9.875000 
15.086062 -0.067812 9.875000 
15.170248 -0.096421 9.875000 
15.267083 -0.123991 9.875000 
15.376418 -0.150404 9.875000 
15.498085 -0.175551 9.875000 
15.631897 -0.199346 9.875000 
15.777649 -0.221715 9.875000 
15.935115 -0.242602 9.875000 
16.104053 -0.261967 9.875000 
16.284202 -0.279787 9.875000 
16.475285 -0.296049 9.875000 
16.677006 -0.310755 9.875000 
16.889054 -0.323919 9.875000 
17.111103 -0.335564 9.875000 
17.342808 -0.345719 9.875000 
17.583812 -0.354422 9.875000 
17.833744 -0.361714 9.875000 
18.092217 -0.367639 9.875000 
18.358832 -0.372244 9.875000 
18.633177 -0.375575 9.875000 
18.914830 -0.377679 9.875000 
19.203355 -0.378602 9.875000 
19.498308 -0.378388 9.875000 
19.799232 -0.377082 9.875000 
20.105664 -0.374723 9.875000 
20.417131 -0.371353 9.875000 
20.733152 -0.367011 9.875000 
21.053239 -0.361738 9.875000 
21.376899 -0.355574 9.875000 
21.703633 -0.348561 9.875000 
22.032936 -0.340743 9.875000 
22.364300 -0.332166 9.875000 
22.697214 -0.322883 9.875000 
23.031164 -0.312947 9.875000 
23.365635 -0.302418 9.875000 
23.700111 -0.291360 9.875000 
24.034076 -0.279842 9.875000 
24.367013 -0.267937 9.875000 
24.698410 -0.255724 9.875000 
25.027755 -0.243284 9.875000 
25.354538 -0.230702 9.875000 
25.678257 -0.218064 9.875000 
25.998410 -0.205458 9.875000 
26.314505 -0.192970 9.875000 
26.626052 -0.180686 9.875000 
26.932570 -0.168688 9.875000 
27.233588 -0.157056 9.875000 
27.528639 -0.145862 9.875000 
27.817269 -0.135172 9.875000 
28.099032 -0.125045 9.875000 
28.373493 -0.115533 9.875000 
28.640230 -0.106674 9.875000 
28.898830 -0.098501 9.875000 
29.148894 -0.091034 9.875000 
29.390038 -0.084284 9.875000 
29.621889 -0.078251 9.875000 
29.844090 -0.072925 9.875000 
30.056299 -0.068288 9.875000 
30.258188 -0.064310 9.875000 
30.449448 -0.060958 9.875000 
30.629783 -0.058187 9.875000 
30.798915 -0.055951 9.875000 
30.956585 -0.054195 9.875000 
31.102550 -0.052864 9.875000 
31.236586 -0.051901 9.875000 
31.358486 -0.051247 9.875000 
31.468062 -0.050844 9.875000 
31.565147 -0.050637 9.875000 
31.649591 -0.050574 9.875000 
31.721265 -0.050608 9.875000 
31.780057 -0.050696 9.875000 
31.825879 -0.050804 9.875000 
31.858659 -0.050901 9.875000 
31.878347 -0.050968 9.875000 
31.884913 -0.050992 9.875000 
17.996958 0.166498 12.995102 
18.000129 0.154260 12.995102 
18.010196 0.141936 12.995102 
18.027144 0.129601 12.995102 
18.050950 0.117327 12.995102 
18.081576 0.105186 12.995102 
18.118977 0.093243 12.995102 
18.163097 0.081559 12.995102 
18.213868 0.070192 12.995102 
18.271212 0.059190 12.995102 
18.335042 0.048596 12.995102 
18.405260 0.038448 12.995102 
18.481758 0.028774 12.995102 
18.564418 0.019597 12.995102 
18.653113 0.010932 12.995102 
18.747706 0.002791 12.995102 
18.848050 -0.004825 12.995102 
18.953991 -0.011916 12.995102 
19.065365 -0.018488 12.995102 
19.182000 -0.024551 12.995102 
19.303716 -0.030120 12.995102 
19.430323 -0.035208 12.995102 
19.561627 -0.039835 12.995102 
19.697425 -0.044017 12.995102 
19.837506 -0.047775 12.995102 
19.981653 -0.051126 12.995102 
20.129645 -0.054090 12.995102 
20.281252 -0.056684 12.995102 
20.436240 -0.058923 12.995102 
20.594370 -0.060825 12.995102 
20.755397 -0.062402 12.995102 
20.919074 -0.063668 12.995102 
21.085146 -0.064635 12.995102 
21.253358 -0.065314 12.995102 
21.423450 -0.065717 12.995102 
21.595160 -0.065854 12.995102 
21.768222 -0.065737 12.995102 
21.942370 -0.065378 12.995102 
22.117334 -0.064789 12.995102 
22.292845 -0.063985 12.995102 
22.468632 -0.062981 12.995102 
22.644423 -0.061795 12.995102 
22.819946 -0.060446 12.995102 
22.994931 -0.058954 12.995102 
23.169108 -0.057342 12.995102 
23.342206 -0.055634 12.995102 
23.513960 -0.053855 12.995102 
23.684103 -0.052030 12.995102 
23.852373 -0.050188 12.995102 
24.018510 -0.048354 12.995102 
24.182256 -0.046555 12.995102 
24.343359 -0.044817 12.995102 
24.501571 -0.043164 12.995102 
24.656646 -0.041619 12.995102 
24.808344 -0.040202 12.995102 
24.956433 -0.038932 12.995102 
25.100683 -0.037823 12.995102 
25.240871 -0.036887 12.995102 
25.376782 -0.036132 12.995102 
25.508205 -0.035561 12.995102 
25.634938 -0.035177 12.995102 
25.756786 -0.034976 12.995102 
25.873560 -0.034952 12.995102 
25.985082 -0.035094 12.995102 
26.091178 -0.035389 12.995102 
26.191687 -0.035823 12.995102 
26.286454 -0.036376 12.995102 
26.375332 -0.037028 12.995102 
26.458186 -0.037758 12.995102 
26.534887 -0.038543 12.995102 
26.605319 -0.039359 12.995102 
26.669373 -0.040184 12.995102 
26.726951 -0.040993 12.995102 
26.777965 -0.041766 12.995102 
26.822336 -0.042481 12.995102 
26.859996 -0.043121 12.995102 
26.890888 -0.043667 12.995102 
26.914964 -0.044108 12.995102 
26.932188 -0.044430 12.995102 
26.942533 -0.044627 12.995102 
26.945983 -0.044694 12.995102 
20.158497 0.221291 16.320448 
20.161354 0.213357 16.320448 
20.170547 0.205217 16.320448 
20.186065 0.196923 16.320448 
20.207884 0.188525 16.320448 
20.235973 0.180072 16.320448 
20.270290 0.171610 16.320448 
20.310783 0.163181 16.320448 
20.357390 0.154826 16.320448 
20.410041 0.146578 16.320448 
20.468656 0.138468 16.320448 
20.533143 0.130523 16.320448 
20.603405 0.122762 16.320448 
20.679333 0.115203 16.320448 
20.760810 0.107858 16.320448 
20.847710 0.100733 16.320448 
20.939899 0.093833 16.320448 
21.037234 0.087158 16.320448 
21.139565 0.080705 16.320448 
21.246733 0.074467 16.320448 
21.358573 0.068437 16.320448 
21.474911 0.062606 16.320448 
21.595567 0.056964 16.320448 
21.720354 0.051500 16.320448 
21.849079 0.046203 16.320448 
21.981543 0.041062 16.320448 
22.117541 0.036068 16.320448 
22.256862 0.031212 16.320448 
22.399291 0.026486 16.320448 
22.544608 0.021883 16.320448 
22.692589 0.017399 16.320448 
22.843004 0.013030 16.320448 
22.995621 0.008772 16.320448 
23.150205 0.004624 16.320448 
23.306517 0.000584 16.320448 
23.464316 -0.003347 16.320448 
23.623358 -0.007172 16.320448 
23.783398 -0.010889 16.320448 
23.944188 -0.014499 16.320448 
24.105481 -0.018005 16.320448 
24.267027 -0.021407 16.320448 
24.428577 -0.024708 16.320448 
24.589882 -0.027912 16.320448 
24.750693 -0.031025 16.320448 
24.910760 -0.034051 16.320448 
25.069837 -0.036999 16.320448 
25.227678 -0.039875 16.320448 
25.384040 -0.042689 16.320448 
25.538680 -0.045450 16.320448 
25.691359 -0.048167 16.320448 
25.841842 -0.050850 16.320448 
25.989895 -0.053508 16.320448 
26.135291 -0.056150 16.320448 
26.277804 -0.058784 16.320448 
26.417215 -0.061418 16.320448 
26.553307 -0.064055 16.320448 
26.685871 -0.066701 16.320448 
26.814703 -0.069358 16.320448 
26.939602 -0.072025 16.320448 
27.060377 -0.074701 16.320448 
27.176842 -0.077381 16.320448 
27.288816 -0.080060 16.320448 
27.396128 -0.082730 16.320448 
27.498612 -0.085380 16.320448 
27.596110 -0.087999 16.320448 
27.688473 -0.090573 16.320448 
27.775558 -0.093088 16.320448 
27.857232 -0.095528 16.320448 
27.933369 -0.097877 16.320448 
28.003852 -0.100118 16.320448 
28.068574 -0.102234 16.320448 
28.127435 -0.104209 16.320448 
28.180344 -0.106026 16.320448 
28.227221 -0.107669 16.320448 
28.267994 -0.109125 16.320448 
28.302601 -0.110381 16.320448 
28.330988 -0.111424 16.320448 
28.353111 -0.112246 16.320448 
28.368938 -0.112839 16.320448 
28.378444 -0.113197 16.320448 
28.381614 -0.113316 16.320448 
22.390726 0.279737 19.750000 
22.393317 0.274607 19.750000 
22.401667 0.269174 19.750000 
22.415764 0.263472 19.750000 
22.435589 0.257537 19.750000 
22.461112 0.251401 19.750000 
22.492295 0.245097 19.750000 
22.529091 0.238654 19.750000 
22.571445 0.232101 19.750000 
22.619292 0.225462 19.750000 
22.672558 0.218759 19.750000 
22.731164 0.212011 19.750000 
22.795017 0.205234 19.750000 
22.864021 0.198442 19.750000 
22.938068 0.191645 19.750000 
23.017045 0.184848 19.750000 
23.100828 0.178059 19.750000 
23.189289 0.171278 19.750000 
23.282291 0.164506 19.750000 
23.379689 0.157743 19.750000 
23.481332 0.150985 19.750000 
23.587064 0.144230 19.750000 
23.696720 0.137474 19.750000 
23.810129 0.130713 19.750000 
23.927118 0.123943 19.750000 
24.047503 0.117161 19.750000 
24.171100 0.110365 19.750000 
24.297716 0.103553 19.750000 
24.427156 0.096725 19.750000 
24.559220 0.089881 19.750000 
24.693703 0.083023 19.750000 
24.830397 0.076155 19.750000 
24.969093 0.069280 19.750000 
25.109574 0.062404 19.750000 
25.251626 0.055532 19.750000 
25.395027 0.048671 19.750000 
25.539557 0.041829 19.750000 
25.684993 0.035012 19.750000 
25.831111 0.028227 19.750000 
25.977684 0.021483 19.750000 
26.124487 0.014786 19.750000 
26.271294 0.008142 19.750000 
26.417876 0.001558 19.750000 
26.564009 -0.004961 19.750000 
26.709467 -0.011412 19.750000 
26.854024 -0.017788 19.750000 
26.997458 -0.024089 19.750000 
27.139547 -0.030310 19.750000 
27.280072 -0.036450 19.750000 
27.418815 -0.042508 19.750000 
27.555562 -0.048481 19.750000 
27.690102 -0.054368 19.750000 
27.822227 -0.060168 19.750000 
27.951732 -0.065879 19.750000 
28.078418 -0.071498 19.750000 
28.202088 -0.077023 19.750000 
28.322553 -0.082450 19.750000 
28.439626 -0.087775 19.750000 
28.553126 -0.092991 19.750000 
28.662878 -0.098093 19.750000 
28.768713 -0.103072 19.750000 
28.870468 -0.107920 19.750000 
28.967986 -0.112627 19.750000 
29.061117 -0.117183 19.750000 
29.149718 -0.121576 19.750000 
29.233652 -0.125794 19.750000 
29.312790 -0.129824 19.750000 
29.387010 -0.133652 19.750000 
29.456199 -0.137266 19.750000 
29.520251 -0.140652 19.750000 
29.579067 -0.143796 19.750000 
29.632556 -0.146685 19.750000 
29.680638 -0.149308 19.750000 
29.723237 -0.151652 19.750000 
29.760290 -0.153707 19.750000 
29.791738 -0.155463 19.750000 
29.817535 -0.156911 19.750000 
29.837640 -0.158046 19.750000 
29.852023 -0.158860 19.750000 
29.860661 -0.159350 19.750000 
29.863542 -0.159514 19.750000 
24.625474 0.339834 23.179552 
24.627818 0.336332 23.179552 
24.635343 0.332466 23.179552 
24.648039 0.328260 23.179552 
24.665887 0.323740 23.179552 
24.688861 0.318930 23.179552 
24.716927 0.313852 23.179552 
24.750042 0.308529 23.179552 
24.788157 0.302981 23.179552 
24.831213 0.297228 23.179552 
24.879145 0.291286 23.179552 
24.931880 0.285171 23.179552 
24.989335 0.278895 23.179552 
25.051424 0.272470 23.179552 
25.118049 0.265906 23.179552 
25.189108 0.259209 23.179552 
25.264492 0.252386 23.179552 
25.344083 0.245442 23.179552 
25.427758 0.238379 23.179552 
25.515387 0.231199 23.179552 
25.606835 0.223905 23.179552 
25.701961 0.216497 23.179552 
25.800615 0.208976 23.179552 
25.902646 0.201344 23.179552 
26.007896 0.193602 23.179552 
26.116201 0.185751 23.179552 
26.227394 0.177794 23.179552 
26.341302 0.169735 23.179552 
26.457749 0.161579 23.179552 
26.576556 0.153329 23.179552 
26.697539 0.144994 23.179552 
26.820510 0.136580 23.179552 
26.945280 0.128095 23.179552 
27.071656 0.119550 23.179552 
27.199442 0.110955 23.179552 
27.328443 0.102319 23.179552 
27.458458 0.093654 23.179552 
27.589287 0.084973 23.179552 
27.720729 0.076286 23.179552 
27.852580 0.067606 23.179552 
27.984637 0.058944 23.179552 
28.116696 0.050312 23.179552 
28.248553 0.041721 23.179552 
28.380006 0.033182 23.179552 
28.510850 0.024704 23.179552 
28.640885 0.016299 23.179552 
28.769908 0.007975 23.179552 
28.897722 -0.000259 23.179552 
29.024129 -0.008396 23.179552 
29.148932 -0.016426 23.179552 
29.271941 -0.024342 23.179552 
29.392964 -0.032136 23.179552 
29.511814 -0.039802 23.179552 
29.628309 -0.047332 23.179552 
29.742267 -0.054719 23.179552 
29.853514 -0.061953 23.179552 
29.961877 -0.069029 23.179552 
30.067189 -0.075937 23.179552 
30.169287 -0.082667 23.179552 
30.268015 -0.089212 23.179552 
30.363219 -0.095561 23.179552 
30.454753 -0.101704 23.179552 
30.542476 -0.107629 23.179552 
30.626253 -0.113326 23.179552 
30.705955 -0.118784 23.179552 
30.781460 -0.123989 23.179552 
30.852650 -0.128931 23.179552 
30.919417 -0.133597 23.179552 
30.981658 -0.137975 23.179552 
31.039278 -0.142054 23.179552 
31.092188 -0.145822 23.179552 
31.140306 -0.149268 23.179552 
31.183560 -0.152382 23.179552 
31.221882 -0.155154 23.179552 
31.255214 -0.157575 23.179552 
31.283505 -0.159638 23.179552 
31.306712 -0.161335 23.179552 
31.324798 -0.162661 23.179552 
31.337737 -0.163611 23.179552 
31.345508 -0.164183 23.179552 
31.348100 -0.164374 23.179552 
26.794401 0.399467 26.504898 
26.796502 0.396829 26.504898 
26.803225 0.393809 26.504898 
26.814560 0.390426 26.504898 
26.830493 0.386699 26.504898 
26.850998 0.382646 26.504898 
26.876045 0.378287 26.504898 
26.905598 0.373639 26.504898 
26.939610 0.368718 26.504898 
26.978030 0.363539 26.504898 
27.020800 0.358118 26.504898 
27.067854 0.352466 26.504898 
27.119119 0.346596 26.504898 
27.174518 0.340518 26.504898 
27.233963 0.334239 26.504898 
27.297364 0.327769 26.504898 
27.364622 0.321113 26.504898 
27.435633 0.314277 26.504898 
27.510288 0.307265 26.504898 
27.588470 0.300081 26.504898 
27.670058 0.292730 26.504898 
27.754926 0.285214 26.504898 
27.842942 0.277537 26.504898 
27.933970 0.269702 26.504898 
28.027869 0.261714 26.504898 
28.124493 0.253576 26.504898 
28.223692 0.245294 26.504898 
28.325314 0.236874 26.504898 
28.429200 0.228322 26.504898 
28.535191 0.219646 26.504898 
28.643122 0.210855 26.504898 
28.752827 0.201957 26.504898 
28.864135 0.192964 26.504898 
28.976876 0.183885 26.504898 
29.090875 0.174734 26.504898 
29.205956 0.165521 26.504898 
29.321942 0.156261 26.504898 
29.438654 0.146966 26.504898 
29.555911 0.137649 26.504898 
29.673533 0.128325 26.504898 
29.791338 0.119006 26.504898 
29.909146 0.109707 26.504898 
30.026773 0.100439 26.504898 
30.144038 0.091216 26.504898 
30.260761 0.082051 26.504898 
30.376761 0.072956 26.504898 
30.491859 0.063942 26.504898 
30.605878 0.055020 26.504898 
30.718641 0.046201 26.504898 
30.829975 0.037497 26.504898 
30.939707 0.028916 26.504898 
31.047668 0.020470 26.504898 
31.153691 0.012167 26.504898 
31.257612 0.004019 26.504898 
31.359271 -0.003967 26.504898 
31.458512 -0.011779 26.504898 
31.555179 -0.019409 26.504898 
31.649126 -0.026846 26.504898 
31.740206 -0.034080 26.504898 
31.828279 -0.041100 26.504898 
31.913209 -0.047897 26.504898 
31.994865 -0.054459 26.504898 
32.073122 -0.060775 26.504898 
32.147859 -0.066834 26.504898 
32.218961 -0.072625 26.504898 
32.286318 -0.078137 26.504898 
32.349826 -0.083357 26.504898 
32.409389 -0.088276 26.504898 
32.464915 -0.092882 26.504898 
32.516318 -0.097164 26.504898 
32.563519 -0.101112 26.504898 
32.606446 -0.104716 26.504898 
32.645033 -0.107968 26.504898 
32.679220 -0.110859 26.504898 
32.708956 -0.113380 26.504898 
32.734195 -0.115525 26.504898 
32.754898 -0.117289 26.504898 
32.771033 -0.118666 26.504898 
32.782576 -0.119653 26.504898 
32.789509 -0.120246 26.504898 
32.791821 -0.120443 26.504898 
28.830999 0.456430 29.625000 
28.832862 0.454189 29.625000 
28.838824 0.451586 29.625000 
28.848879 0.448637 29.625000 
28.863011 0.445360 29.625000 
28.881200 0.441770 29.625000 
28.903419 0.437883 29.625000 
28.929634 0.433714 29.625000 
28.959805 0.429278 29.625000 
28.993888 0.424588 29.625000 
29.031829 0.419656 29.625000 
29.073570 0.414495 29.625000 
29.119048 0.409115 29.625000 
29.168192 0.403524 29.625000 
29.220927 0.397732 29.625000 
29.277171 0.391744 29.625000 
29.336836 0.385567 29.625000 
29.399832 0.379207 29.625000 
29.466059 0.372669 29.625000 
29.535416 0.365956 29.625000 
29.607795 0.359072 29.625000 
29.683083 0.352022 29.625000 
29.761164 0.344808 29.625000 
29.841917 0.337436 29.625000 
29.925217 0.329909 29.625000 
30.010934 0.322232 29.625000 
30.098936 0.314411 29.625000 
30.189087 0.306451 29.625000 
30.281247 0.298360 29.625000 
30.375273 0.290145 29.625000 
30.471020 0.281814 29.625000 
30.568341 0.273377 29.625000 
30.667085 0.264844 29.625000 
30.767099 0.256225 29.625000 
30.868229 0.247532 29.625000 
30.970318 0.238777 29.625000 
31.073211 0.229972 29.625000 
31.176747 0.221130 29.625000 
31.280767 0.212263 29.625000 
31.385110 0.203385 29.625000 
31.489616 0.194510 29.625000 
31.594123 0.185649 29.625000 
31.698471 0.176815 29.625000 
31.802498 0.168022 29.625000 
31.906043 0.159281 29.625000 
32.008947 0.150605 29.625000 
32.111051 0.142004 29.625000 
32.212197 0.133490 29.625000 
32.312230 0.125075 29.625000 
32.410994 0.116767 29.625000 
32.508338 0.108579 29.625000 
32.604110 0.100519 29.625000 
32.698163 0.092597 29.625000 
32.790352 0.084824 29.625000 
32.880535 0.077209 29.625000 
32.968571 0.069760 29.625000 
33.054326 0.062489 29.625000 
33.137666 0.055404 29.625000 
33.218463 0.048516 29.625000 
33.296593 0.041835 29.625000 
33.371935 0.035369 29.625000 
33.444373 0.029131 29.625000 
33.513795 0.023129 29.625000 
33.580095 0.017375 29.625000 
33.643170 0.011879 29.625000 
33.702922 0.006651 29.625000 
33.759261 0.001702 29.625000 
33.812100 -0.002959 29.625000 
33.861357 -0.007320 29.625000 
33.906957 -0.011373 29.625000 
33.948829 -0.015108 29.625000 
33.986910 -0.018517 29.625000 
34.021141 -0.021591 29.625000 
34.051469 -0.024322 29.625000 
34.077848 -0.026704 29.625000 
34.100238 -0.028730 29.625000 
34.118604 -0.030395 29.625000 
34.132917 -0.031694 29.625000 
34.143157 -0.032625 29.625000 
34.149307 -0.033185 29.625000 
34.151358 -0.033372 29.625000 
30.671481 0.507740 32.445055 
30.673117 0.505589 32.445055 
30.678385 0.503125 32.445055 
30.687276 0.500362 32.445055 
30.699779 0.497315 32.445055 
30.715875 0.494001 32.445055 
30.735540 0.490435 32.445055 
30.758744 0.486630 32.445055 
30.785453 0.482600 32.445055 
30.815625 0.478358 32.445055 
30.849215 0.473915 32.445055 
30.886172 0.469283 32.445055 
30.926438 0.464470 32.445055 
30.969952 0.459485 32.445055 
31.016646 0.454335 32.445055 
31.066448 0.449027 32.445055 
31.119281 0.443565 32.445055 
31.175064 0.437955 32.445055 
31.233710 0.432200 32.445055 
31.295128 0.426304 32.445055 
31.359222 0.420269 32.445055 
31.425894 0.414099 32.445055 
31.495040 0.407795 32.445055 
31.566552 0.401361 32.445055 
31.640321 0.394801 32.445055 
31.716230 0.388117 32.445055 
31.794164 0.381314 32.445055 
31.874001 0.374397 32.445055 
31.955617 0.367370 32.445055 
32.038887 0.360241 32.445055 
32.123681 0.353016 32.445055 
32.209869 0.345702 32.445055 
32.297317 0.338308 32.445055 
32.385890 0.330843 32.445055 
32.475452 0.323316 32.445055 
32.565864 0.315739 32.445055 
32.656987 0.308120 32.445055 
32.748680 0.300471 32.445055 
32.840802 0.292804 32.445055 
32.933210 0.285128 32.445055 
33.025763 0.277456 32.445055 
33.118316 0.269799 32.445055 
33.210729 0.262167 32.445055 
33.302857 0.254571 32.445055 
33.394559 0.247022 32.445055 
33.485693 0.239529 32.445055 
33.576119 0.232103 32.445055 
33.665697 0.224753 32.445055 
33.754288 0.217487 32.445055 
33.841756 0.210316 32.445055 
33.927966 0.203247 32.445055 
34.012785 0.196288 32.445055 
34.096081 0.189449 32.445055 
34.177725 0.182737 32.445055 
34.257593 0.176160 32.445055 
34.335560 0.169726 32.445055 
34.411506 0.163443 32.445055 
34.485314 0.157319 32.445055 
34.556869 0.151364 32.445055 
34.626063 0.145585 32.445055 
34.692787 0.139990 32.445055 
34.756938 0.134590 32.445055 
34.818419 0.129392 32.445055 
34.877135 0.124406 32.445055 
34.932994 0.119642 32.445055 
34.985912 0.115107 32.445055 
35.035805 0.110812 32.445055 
35.082599 0.106766 32.445055 
35.126221 0.102977 32.445055 
35.166604 0.099455 32.445055 
35.203686 0.096207 32.445055 
35.237410 0.093243 32.445055 
35.267724 0.090568 32.445055 
35.294582 0.088191 32.445055 
35.317943 0.086117 32.445055 
35.337771 0.084352 32.445055 
35.354035 0.082901 32.445055 
35.366711 0.081768 32.445055 
35.375779 0.080957 32.445055 
35.381226 0.080469 32.445055 
35.383042 0.080307 32.445055 
32.252303 0.546846 34.879378 
32.253737 0.544555 34.879378 
32.258399 0.542009 34.879378 
32.266283 0.539225 34.879378 
32.277376 0.536219 34.879378 
32.291664 0.533008 34.879378 
32.309125 0.529606 34.879378 
32.329733 0.526028 34.879378 
32.353457 0.522288 34.879378 
32.380260 0.518399 34.879378 
32.410102 0.514371 34.879378 
32.442938 0.510216 34.879378 
32.478716 0.505942 34.879378 
32.517382 0.501557 34.879378 
32.558876 0.497067 34.879378 
32.603134 0.492478 34.879378 
32.650087 0.487794 34.879378 
32.699664 0.483018 34.879378 
32.751786 0.478153 34.879378 
32.806373 0.473200 34.879378 
32.863341 0.468161 34.879378 
32.922600 0.463037 34.879378 
32.984060 0.457829 34.879378 
33.047624 0.452537 34.879378 
33.113194 0.447163 34.879378 
33.180669 0.441708 34.879378 
33.249943 0.436175 34.879378 
33.320910 0.430565 34.879378 
33.393460 0.424882 34.879378 
33.467479 0.419129 34.879378 
33.542855 0.413312 34.879378 
33.619470 0.407434 34.879378 
33.697205 0.401503 34.879378 
33.775942 0.395524 34.879378 
33.855557 0.389505 34.879378 
33.935929 0.383452 34.879378 
34.016933 0.377375 34.879378 
34.098444 0.371281 34.879378 
34.180337 0.365179 34.879378 
34.262485 0.359077 34.879378 
34.344761 0.352984 34.879378 
34.427039 0.346908 34.879378 
34.509191 0.340857 34.879378 
34.591091 0.334839 34.879378 
34.672612 0.328863 34.879378 
34.753629 0.322935 34.879378 
34.834016 0.317062 34.879378 
34.913649 0.311252 34.879378 
34.992405 0.305510 34.879378 
35.070163 0.299843 34.879378 
35.146802 0.294257 34.879378 
35.222204 0.288758 34.879378 
35.296252 0.283350 34.879378 
35.368833 0.278040 34.879378 
35.439833 0.272834 34.879378 
35.509144 0.267737 34.879378 
35.576658 0.262754 34.879378 
35.642271 0.257893 34.879378 
35.705882 0.253159 34.879378 
35.767392 0.248559 34.879378 
35.826707 0.244099 34.879378 
35.883736 0.239787 34.879378 
35.938389 0.235630 34.879378 
35.990584 0.231635 34.879378 
36.040240 0.227811 34.879378 
36.087280 0.224166 34.879378 
36.131633 0.220707 34.879378 
36.173229 0.217443 34.879378 
36.212006 0.214381 34.879378 
36.247903 0.211530 34.879378 
36.280865 0.208897 34.879378 
36.310843 0.206490 34.879378 
36.337789 0.204316 34.879378 
36.361664 0.202381 34.879378 
36.382429 0.200691 34.879378 
36.400054 0.199252 34.879378 
36.414511 0.198068 34.879378 
36.425779 0.197142 34.879378 
36.433839 0.196479 34.879378 
36.438680 0.196081 34.879378 
36.440295 0.195948 34.879378 
33.519785 0.568860 36.854002 
33.521052 0.566243 36.854002 
33.525220 0.563430 36.854002 
33.532283 0.560439 36.854002 
33.542233 0.557290 36.854002 
33.555053 0.553998 36.854002 
33.570726 0.550581 36.854002 
33.589227 0.547055 36.854002 
33.610530 0.543434 36.854002 
33.634601 0.539732 36.854002 
33.661405 0.535961 36.854002 
33.690900 0.532131 36.854002 
33.723041 0.528250 36.854002 
33.757778 0.524328 36.854002 
33.795058 0.520368 36.854002 
33.834823 0.516377 36.854002 
33.877012 0.512357 36.854002 
33.921560 0.508310 36.854002 
33.968397 0.504238 36.854002 
34.017450 0.500139 36.854002 
34.068644 0.496015 36.854002 
34.121899 0.491864 36.854002 
34.177132 0.487685 36.854002 
34.234258 0.483476 36.854002 
34.293188 0.479237 36.854002 
34.353831 0.474966 36.854002 
34.416092 0.470663 36.854002 
34.479876 0.466328 36.854002 
34.545082 0.461961 36.854002 
34.611611 0.457564 36.854002 
34.679359 0.453137 36.854002 
34.748222 0.448685 36.854002 
34.818093 0.444210 36.854002 
34.888864 0.439715 36.854002 
34.960426 0.435205 36.854002 
35.032668 0.430685 36.854002 
35.105479 0.426160 36.854002 
35.178746 0.421635 36.854002 
35.252357 0.417116 36.854002 
35.326198 0.412608 36.854002 
35.400154 0.408117 36.854002 
35.474112 0.403648 36.854002 
35.547957 0.399208 36.854002 
35.621576 0.394799 36.854002 
35.694855 0.390428 36.854002 
35.767680 0.386099 36.854002 
35.839940 0.381815 36.854002 
35.911522 0.377580 36.854002 
35.982316 0.373398 36.854002 
36.052212 0.369271 36.854002 
36.121103 0.365203 36.854002 
36.188882 0.361196 36.854002 
36.255444 0.357253 36.854002 
36.320687 0.353376 36.854002 
36.384509 0.349570 36.854002 
36.446811 0.345836 36.854002 
36.507499 0.342178 36.854002 
36.566478 0.338600 36.854002 
36.623656 0.335106 36.854002 
36.678946 0.331700 36.854002 
36.732263 0.328387 36.854002 
36.783523 0.325172 36.854002 
36.832649 0.322062 36.854002 
36.879564 0.319063 36.854002 
36.924197 0.316181 36.854002 
36.966479 0.313423 36.854002 
37.006344 0.310796 36.854002 
37.043732 0.308308 36.854002 
37.078585 0.305966 36.854002 
37.110850 0.303778 36.854002 
37.140477 0.301752 36.854002 
37.167421 0.299893 36.854002 
37.191640 0.298209 36.854002 
37.213098 0.296707 36.854002 
37.231762 0.295392 36.854002 
37.247603 0.294270 36.854002 
37.260597 0.293345 36.854002 
37.270724 0.292622 36.854002 
37.277968 0.292103 36.854002 
37.282319 0.291791 36.854002 
37.283771 0.291687 36.854002 
34.445468 0.579699 38.308929 
34.446612 0.576653 38.308929 
34.450417 0.573460 38.308929 
34.456877 0.570140 38.308929 
34.465983 0.566712 38.308929 
34.477722 0.563197 38.308929 
34.492078 0.559613 38.308929 
34.509028 0.555978 38.308929 
34.528547 0.552307 38.308929 
34.550606 0.548616 38.308929 
34.575170 0.544917 38.308929 
34.602203 0.541221 38.308929 
34.631664 0.537537 38.308929 
34.663505 0.533874 38.308929 
34.697680 0.530236 38.308929 
34.734134 0.526629 38.308929 
34.772812 0.523055 38.308929 
34.813653 0.519514 38.308929 
34.856594 0.516006 38.308929 
34.901569 0.512532 38.308929 
34.948508 0.509087 38.308929 
34.997337 0.505671 38.308929 
35.047982 0.502280 38.308929 
35.100363 0.498910 38.308929 
35.154399 0.495559 38.308929 
35.210006 0.492223 38.308929 
35.267099 0.488900 38.308929 
35.325588 0.485587 38.308929 
35.385383 0.482283 38.308929 
35.446391 0.478986 38.308929 
35.508519 0.475696 38.308929 
35.571669 0.472412 38.308929 
35.635744 0.469136 38.308929 
35.700645 0.465869 38.308929 
35.766273 0.462613 38.308929 
35.832524 0.459369 38.308929 
35.899298 0.456140 38.308929 
35.966491 0.452930 38.308929 
36.033999 0.449741 38.308929 
36.101719 0.446576 38.308929 
36.169545 0.443438 38.308929 
36.237373 0.440330 38.308929 
36.305098 0.437253 38.308929 
36.372615 0.434210 38.308929 
36.439821 0.431203 38.308929 
36.506611 0.428234 38.308929 
36.572883 0.425302 38.308929 
36.638533 0.422410 38.308929 
36.703460 0.419557 38.308929 
36.767564 0.416743 38.308929 
36.830747 0.413968 38.308929 
36.892909 0.411233 38.308929 
36.953955 0.408538 38.308929 
37.013791 0.405881 38.308929 
37.072324 0.403265 38.308929 
37.129463 0.400688 38.308929 
37.185121 0.398154 38.308929 
37.239211 0.395662 38.308929 
37.291650 0.393215 38.308929 
37.342357 0.390815 38.308929 
37.391254 0.388467 38.308929 
37.438265 0.386174 38.308929 
37.483318 0.383940 38.308929 
37.526343 0.381771 38.308929 
37.567275 0.379672 38.308929 
37.606050 0.377650 38.308929 
37.642609 0.375712 38.308929 
37.676896 0.373864 38.308929 
37.708859 0.372114 38.308929 
37.738447 0.370469 38.308929 
37.765616 0.368937 38.308929 
37.790325 0.367525 38.308929 
37.812535 0.366240 38.308929 
37.832212 0.365089 38.308929 
37.849327 0.364077 38.308929 
37.863853 0.363211 38.308929 
37.875769 0.362496 38.308929 
37.885056 0.361935 38.308929 
37.891699 0.361532 38.308929 
37.895689 0.361289 38.308929 
37.897020 0.361208 38.308929 
35.015223 0.588204 39.199953 
35.016294 0.584781 39.199953 
35.019879 0.581241 39.199953 
35.025971 0.577606 39.199953 
35.034563 0.573898 39.199953 
35.045642 0.570139 39.199953 
35.059192 0.566349 39.199953 
35.075193 0.562547 39.199953 
35.093621 0.558750 39.199953 
35.114448 0.554974 39.199953 
35.137641 0.551234 39.199953 
35.163167 0.547539 39.199953 
35.190985 0.543902 39.199953 
35.221054 0.540329 39.199953 
35.253325 0.536826 39.199953 
35.287751 0.533398 39.199953 
35.324277 0.530046 39.199953 
35.362846 0.526772 39.199953 
35.403400 0.523574 39.199953 
35.445875 0.520451 39.199953 
35.490206 0.517399 39.199953 
35.536322 0.514416 39.199953 
35.584154 0.511496 39.199953 
35.633626 0.508636 39.199953 
35.684663 0.505830 39.199953 
35.737183 0.503075 39.199953 
35.791107 0.500366 39.199953 
35.846351 0.497698 39.199953 
35.902828 0.495070 39.199953 
35.960452 0.492477 39.199953 
36.019134 0.489918 39.199953 
36.078782 0.487391 39.199953 
36.139304 0.484895 39.199953 
36.200607 0.482430 39.199953 
36.262597 0.479995 39.199953 
36.325176 0.477592 39.199953 
36.388249 0.475220 39.199953 
36.451718 0.472881 39.199953 
36.515485 0.470576 39.199953 
36.579452 0.468305 39.199953 
36.643521 0.466070 39.199953 
36.707591 0.463871 39.199953 
36.771564 0.461709 39.199953 
36.835341 0.459583 39.199953 
36.898824 0.457493 39.199953 
36.961914 0.455438 39.199953 
37.024515 0.453417 39.199953 
37.086529 0.451429 39.199953 
37.147860 0.449472 39.199953 
37.208413 0.447543 39.199953 
37.268096 0.445641 39.199953 
37.326815 0.443763 39.199953 
37.384480 0.441908 39.199953 
37.441001 0.440072 39.199953 
37.496292 0.438256 39.199953 
37.550266 0.436457 39.199953 
37.602840 0.434676 39.199953 
37.653934 0.432911 39.199953 
37.703468 0.431164 39.199953 
37.751365 0.429436 39.199953 
37.797553 0.427730 39.199953 
37.841959 0.426048 39.199953 
37.884515 0.424394 39.199953 
37.925156 0.422773 39.199953 
37.963819 0.421190 39.199953 
38.000445 0.419652 39.199953 
38.034978 0.418164 39.199953 
38.067364 0.416734 39.199953 
38.097554 0.415369 39.199953 
38.125502 0.414077 39.199953 
38.151164 0.412865 39.199953 
38.174503 0.411741 39.199953 
38.195481 0.410712 39.199953 
38.214067 0.409785 39.199953 
38.230233 0.408968 39.199953 
38.243954 0.408265 39.199953 
38.255208 0.407683 39.199953 
38.263980 0.407225 39.199953 
38.270255 0.406896 39.199953 
38.274023 0.406697 39.199953 
38.275280 0.406630 39.199953 
35.208530 0.592015 39.500000 
35.209578 0.588439 39.500000 
35.213089 0.584757 39.500000 
35.219058 0.580991 39.500000 
35.227477 0.577164 39.500000 
35.238335 0.573299 39.500000 
35.251614 0.569416 39.500000 
35.267296 0.565534 39.500000 
35.285357 0.561673 39.500000 
35.305769 0.557848 39.500000 
35.328501 0.554073 39.500000 
35.353520 0.550360 39.500000 
35.380785 0.546720 39.500000 
35.410256 0.543161 39.500000 
35.441887 0.539687 39.500000 
35.475629 0.536305 39.500000 
35.511430 0.533015 39.500000 
35.549235 0.529819 39.500000 
35.588984 0.526714 39.500000 
35.630617 0.523700 39.500000 
35.674069 0.520773 39.500000 
35.719271 0.517929 39.500000 
35.766155 0.515163 39.500000 
35.814647 0.512470 39.500000 
35.864672 0.509846 39.500000 
35.916153 0.507285 39.500000 
35.969009 0.504782 39.500000 
36.023159 0.502334 39.500000 
36.078518 0.499935 39.500000 
36.135002 0.497583 39.500000 
36.192522 0.495276 39.500000 
36.250990 0.493009 39.500000 
36.310315 0.490783 39.500000 
36.370405 0.488596 39.500000 
36.431168 0.486448 39.500000 
36.492510 0.484337 39.500000 
36.554335 0.482265 39.500000 
36.616550 0.480231 39.500000 
36.679056 0.478236 39.500000 
36.741758 0.476280 39.500000 
36.804560 0.474363 39.500000 
36.867363 0.472485 39.500000 
36.930072 0.470645 39.500000 
36.992589 0.468843 39.500000 
37.054817 0.467078 39.500000 
37.116660 0.465347 39.500000 
37.178024 0.463649 39.500000 
37.238812 0.461981 39.500000 
37.298931 0.460341 39.500000 
37.358288 0.458726 39.500000 
37.416791 0.457133 39.500000 
37.474349 0.455559 39.500000 
37.530874 0.454001 39.500000 
37.586279 0.452457 39.500000 
37.640476 0.450924 39.500000 
37.693384 0.449400 39.500000 
37.744919 0.447884 39.500000 
37.795003 0.446376 39.500000 
37.843557 0.444876 39.500000 
37.890508 0.443385 39.500000 
37.935782 0.441904 39.500000 
37.979310 0.440436 39.500000 
38.021025 0.438986 39.500000 
38.060862 0.437557 39.500000 
38.098761 0.436154 39.500000 
38.134663 0.434784 39.500000 
38.168512 0.433453 39.500000 
38.200258 0.432168 39.500000 
38.229851 0.430936 39.500000 
38.257246 0.429766 39.500000 
38.282401 0.428664 39.500000 
38.305277 0.427639 39.500000 
38.325841 0.426698 39.500000 
38.344059 0.425849 39.500000 
38.359905 0.425098 39.500000 
38.373354 0.424451 39.500000 
38.384386 0.423914 39.500000 
38.392984 0.423492 39.500000 
38.399135 0.423187 39.500000 
38.402829 0.423004 39.500000 
38.404061 0.422942 39.500000 
