VARIABLES = "CoordinateX", "CoordinateY", "CoordinateZ"
Zone T="wing_surface" I=3078
DATAPACKING=POINT
0.000000 0.000000 0.000000 
0.015419 0.275248 0.000000 
0.061653 0.549899 -0.000000 
0.138631 0.823321 -0.000000 
0.246233 1.094869 0.000000 
0.384294 1.363888 0.000000 
0.552602 1.629702 0.000000 
0.750895 1.891611 -0.000000 
0.978870 2.148891 0.000000 
1.236173 2.400785 0.000000 
1.522409 2.646507 0.000000 
1.837137 2.885234 -0.000000 
2.179870 3.116115 0.000000 
2.550080 3.338261 0.000000 
2.947197 3.550757 0.000000 
3.370608 3.752664 -0.000000 
3.819660 3.943023 0.000000 
4.293661 4.120868 -0.000000 
4.791881 4.285234 0.000000 
5.313550 4.435169 -0.000000 
5.857864 4.569751 -0.000000 
6.423985 4.688104 -0.000000 
7.011039 4.789412 0.000000 
7.618121 4.872939 -0.000000 
8.244295 4.938050 0.000000 
8.888595 4.984226 0.000000 
9.550029 5.011083 -0.000000 
10.227575 5.018387 0.000000 
10.920190 5.006070 -0.000000 
11.626805 4.974242 -0.000000 
12.346331 4.923196 0.000000 
13.077659 4.853419 -0.000000 
13.819660 4.765587 -0.000000 
14.571191 4.660567 -0.000000 
15.331093 4.539406 -0.000000 
16.098194 4.403324 0.000000 
16.871311 4.253694 0.000000 
17.649252 4.092025 0.000000 
18.430818 3.919940 -0.000000 
19.214804 3.739149 0.000000 
20.000000 3.551424 0.000000 
20.785196 3.358564 -0.000000 
21.569182 3.162375 0.000000 
22.350748 2.964631 -0.000000 
23.128689 2.767051 -0.000000 
23.901806 2.571271 -0.000000 
24.668907 2.378815 0.000000 
25.428809 2.191084 -0.000000 
26.180340 2.009325 -0.000000 
26.922341 1.834627 -0.000000 
27.653669 1.667906 -0.000000 
28.373195 1.509902 -0.000000 
29.079810 1.361176 -0.000000 
29.772425 1.222112 -0.000000 
30.449971 1.092928 0.000000 
31.111405 0.973682 0.000000 
31.755705 0.864287 0.000000 
32.381879 0.764527 -0.000000 
32.988961 0.674075 0.000000 
33.576015 0.592510 0.000000 
34.142136 0.519338 -0.000000 
34.686450 0.454011 0.000000 
35.208119 0.395947 -0.000000 
35.706339 0.344547 -0.000000 
36.180340 0.299209 0.000000 
36.629392 0.259346 -0.000000 
37.052803 0.224396 0.000000 
37.449920 0.193831 0.000000 
37.820130 0.167168 0.000000 
38.162863 0.143969 -0.000000 
38.477591 0.123847 0.000000 
38.763827 0.106467 0.000000 
39.021130 0.091543 -0.000000 
39.249105 0.078837 -0.000000 
39.447398 0.068154 -0.000000 
39.615706 0.059339 0.000000 
39.753767 0.052270 0.000000 
39.861369 0.046857 0.000000 
39.938347 0.043033 0.000000 
39.984581 0.040756 0.000000 
40.000000 0.040000 0.000000 
0.035158 -0.000000 0.300047 
0.050315 0.275970 0.300047 
0.096240 0.551376 0.300047 
0.172862 0.825589 0.300047 
0.280063 1.097973 0.300047 
0.417679 1.367876 0.300047 
0.585497 1.634624 0.300047 
0.783259 1.897524 0.300047 
1.010660 2.155850 0.300047 
1.267350 2.408851 0.300047 
1.552934 2.655738 0.300047 
1.866970 2.895691 0.300047 
2.208976 3.127852 0.300047 
2.578425 3.351333 0.300047 
2.974748 3.565214 0.300047 
3.397333 3.768548 0.300047 
3.845531 3.960372 0.300047 
4.318649 4.139710 0.300047 
4.815961 4.305588 0.300047 
5.336698 4.457045 0.300047 
5.880060 4.593147 0.300047 
6.445208 4.713006 0.300047 
7.031273 4.815794 0.300047 
7.637350 4.900764 0.300047 
8.262505 4.967268 0.300047 
8.905776 5.014775 0.300047 
9.566170 5.042889 0.300047 
10.242670 5.051367 0.300047 
10.934231 5.040132 0.300047 
11.639789 5.009283 0.300047 
12.358255 4.959109 0.300047 
13.088520 4.890090 0.300047 
13.829458 4.802899 0.300047 
14.579926 4.698402 0.300047 
15.338766 4.577647 0.300047 
16.104807 4.441855 0.300047 
16.876868 4.292403 0.300047 
17.653755 4.130806 0.300047 
18.434271 3.958694 0.300047 
19.217210 3.777787 0.300047 
20.001364 3.589865 0.300047 
20.785523 3.396739 0.300047 
21.568475 3.200225 0.300047 
22.349014 3.002110 0.300047 
23.125933 2.804125 0.300047 
23.898033 2.607916 0.300047 
24.664124 2.415021 0.300047 
25.423022 2.226849 0.300047 
26.173558 2.044660 0.300047 
26.914572 1.869550 0.300047 
27.644922 1.702443 0.300047 
28.363481 1.544086 0.300047 
29.069141 1.395043 0.300047 
29.760814 1.255706 0.300047 
30.437432 1.126293 0.300047 
31.097954 1.006863 0.300047 
31.741361 0.897330 0.300047 
32.366660 0.797477 0.300047 
32.972889 0.706975 0.300047 
33.559113 0.625399 0.300047 
34.124428 0.552253 0.300047 
34.667964 0.486986 0.300047 
35.188883 0.429009 0.300047 
35.686382 0.377720 0.300047 
36.159695 0.332512 0.300047 
36.608093 0.292793 0.300047 
37.030884 0.257997 0.300047 
37.427418 0.227591 0.300047 
37.797083 0.201089 0.300047 
38.139310 0.178050 0.300047 
38.453572 0.158082 0.300047 
38.739384 0.140849 0.300047 
38.996305 0.126062 0.300047 
39.223941 0.113480 0.300047 
39.421939 0.102908 0.300047 
39.589996 0.094187 0.300047 
39.727851 0.087198 0.300047 
39.835293 0.081847 0.300047 
39.912156 0.078069 0.300047 
39.958321 0.075819 0.300047 
39.973717 0.075072 0.300047 
1.241519 -0.000000 1.191071 
1.255636 0.268067 1.191071 
1.299533 0.535666 1.191071 
1.373142 0.802203 1.191071 
1.476350 1.067076 1.191071 
1.608999 1.329666 1.191071 
1.770886 1.589335 1.191071 
1.961761 1.845421 1.191071 
2.181331 2.097232 1.191071 
2.429258 2.344045 1.191071 
2.705161 2.585102 1.191071 
3.008616 2.819611 1.191071 
3.339156 3.046743 1.191071 
3.696273 3.265631 1.191071 
4.079419 3.475380 1.191071 
4.488004 3.675064 1.191071 
4.921400 3.863736 1.191071 
5.378940 4.040438 1.191071 
5.859922 4.204206 1.191071 
6.363606 4.354090 1.191071 
6.889216 4.489162 1.191071 
7.435945 4.608536 1.191071 
8.002951 4.711384 1.191071 
8.589363 4.796954 1.191071 
9.194276 4.864590 1.191071 
9.816760 4.913749 1.191071 
10.455856 4.944019 1.191071 
11.110579 4.955138 1.191071 
11.779920 4.947006 1.191071 
12.462847 4.919696 1.191071 
13.158305 4.873468 1.191071 
13.865222 4.808771 1.191071 
14.582506 4.726243 1.191071 
15.309048 4.626712 1.191071 
16.043727 4.511191 1.191071 
16.785406 4.380860 1.191071 
17.532938 4.237056 1.191071 
18.285167 4.081255 1.191071 
19.040929 3.915047 1.191071 
19.799055 3.740110 1.191071 
20.558372 3.558189 1.191071 
21.317703 3.371057 1.191071 
22.075875 3.180496 1.191071 
22.831713 2.988259 1.191071 
23.584049 2.796049 1.191071 
24.331718 2.605484 1.191071 
25.073563 2.418079 1.191071 
25.808439 2.235221 1.191071 
26.535208 2.058153 1.191071 
27.252748 1.887957 1.191071 
27.959950 1.725547 1.191071 
28.655724 1.571660 1.191071 
29.338994 1.426858 1.191071 
30.008707 1.291527 1.191071 
30.663830 1.165887 1.191071 
31.303353 1.050001 1.191071 
31.926292 0.943785 1.191071 
32.531686 0.847030 1.191071 
33.118603 0.759412 1.191071 
33.686141 0.680518 1.191071 
34.233426 0.609859 1.191071 
34.759615 0.546892 1.191071 
35.263900 0.491041 1.191071 
35.745505 0.441711 1.191071 
36.203689 0.398306 1.191071 
36.637748 0.360243 1.191071 
37.047014 0.326963 1.191071 
37.430857 0.297942 1.191071 
37.788689 0.272700 1.191071 
38.119957 0.250802 1.191071 
38.424153 0.231863 1.191071 
38.700809 0.215549 1.191071 
38.949498 0.201577 1.191071 
39.169839 0.189708 1.191071 
39.361492 0.179749 1.191071 
39.524162 0.171546 1.191071 
39.657598 0.164977 1.191071 
39.761595 0.159953 1.191071 
39.835994 0.156407 1.191071 
39.880679 0.154297 1.191071 
39.895582 0.153596 1.191071 
4.234482 0.000000 2.645998 
4.247038 0.241462 2.645998 
4.286970 0.482569 2.645998 
4.354217 0.722805 2.645998 
4.448678 0.961640 2.645998 
4.570206 1.198533 2.645998 
4.718615 1.432923 2.645998 
4.893677 1.664227 2.645998 
5.095125 1.891834 2.645998 
5.322648 2.115106 2.645998 
5.575897 2.333369 2.645998 
5.854484 2.545918 2.645998 
6.157981 2.752011 2.645998 
6.485922 2.950874 2.645998 
6.837803 3.141698 2.645998 
7.213086 3.323650 2.645998 
7.611193 3.495871 2.645998 
8.031515 3.657488 2.645998 
8.473405 3.807623 2.645998 
8.936185 3.945403 2.645998 
9.419145 4.069975 2.645998 
9.921544 4.180518 2.645998 
10.442609 4.276260 2.645998 
10.981539 4.356499 2.645998 
11.537507 4.420611 2.645998 
12.109656 4.468077 2.645998 
12.697106 4.498496 2.645998 
13.298952 4.511597 2.645998 
13.914267 4.507259 2.645998 
14.542101 4.485519 2.645998 
15.181487 4.446582 2.645998 
15.831436 4.390825 2.645998 
16.490944 4.318803 2.645998 
17.158992 4.231242 2.645998 
17.834545 4.129038 2.645998 
18.516558 4.013247 2.645998 
19.203974 3.885066 2.645998 
19.895729 3.745826 2.645998 
20.590748 3.596961 2.645998 
21.287956 3.439993 2.645998 
21.986270 3.276505 2.645998 
22.684607 3.108113 2.645998 
23.381884 2.936439 2.645998 
24.077020 2.763087 2.645998 
24.768936 2.589613 2.645998 
25.456560 2.417502 2.645998 
26.138826 2.248143 2.645998 
26.814678 2.082813 2.645998 
27.483069 1.922656 2.645998 
28.142965 1.768671 2.645998 
28.793346 1.621703 2.645998 
29.433206 1.482436 2.645998 
30.061558 1.351394 2.645998 
30.677432 1.228939 2.645998 
31.279878 1.115281 2.645998 
31.867967 1.010485 2.645998 
32.440795 0.914481 2.645998 
32.997479 0.827082 2.645998 
33.537164 0.748000 2.645998 
34.059018 0.676856 2.645998 
34.562241 0.613208 2.645998 
35.046058 0.556561 2.645998 
35.509728 0.506388 2.645998 
35.952538 0.462144 2.645998 
36.373807 0.423283 2.645998 
36.772890 0.389271 2.645998 
37.149174 0.359596 2.645998 
37.502081 0.333776 2.645998 
37.831069 0.311368 2.645998 
38.135632 0.291973 2.645998 
38.415304 0.275238 2.645998 
38.669654 0.260855 2.645998 
38.898291 0.248561 2.645998 
39.100865 0.238139 2.645998 
39.277063 0.229409 2.645998 
39.426615 0.222228 2.645998 
39.549291 0.216485 2.645998 
39.644902 0.212097 2.645998 
39.713301 0.209002 2.645998 
39.754382 0.207161 2.645998 
39.768083 0.206550 2.645998 
7.394541 0.000000 4.620622 
7.406064 0.203151 4.620622 
7.442394 0.406009 4.620622 
7.503478 0.608141 4.620622 
7.589222 0.809107 4.620622 
7.699493 1.008456 4.620622 
7.834123 1.205722 4.620622 
7.992904 1.400421 4.620622 
8.175593 1.592049 4.620622 
8.381909 1.780076 4.620622 
8.611536 1.963947 4.620622 
8.864120 2.143081 4.620622 
9.139273 2.316863 4.620622 
9.436573 2.484655 4.620622 
9.755563 2.645786 4.620622 
10.095754 2.799564 4.620622 
10.456622 2.945274 4.620622 
10.837614 3.082188 4.620622 
11.238144 3.209569 4.620622 
11.657597 3.326682 4.620622 
12.095330 3.432804 4.620622 
12.550668 3.527238 4.620622 
13.022913 3.609324 4.620622 
13.511338 3.678453 4.620622 
14.015192 3.734084 4.620622 
14.533700 3.775759 4.620622 
15.066063 3.803113 4.620622 
15.611462 3.815895 4.620622 
16.169057 3.813973 4.620622 
16.737987 3.797350 4.620622 
17.317374 3.766170 4.620622 
17.906325 3.720723 4.620622 
18.503929 3.661449 4.620622 
19.109263 3.588937 4.620622 
19.721391 3.503919 4.620622 
20.339365 3.407266 4.620622 
20.962230 3.299973 4.620622 
21.589020 3.183151 4.620622 
22.218764 3.058004 4.620622 
22.850487 2.925812 4.620622 
23.483210 2.787912 4.620622 
24.115952 2.645673 4.620622 
24.747733 2.500475 4.620622 
25.377572 2.353684 4.620622 
26.004495 2.206628 4.620622 
26.627529 2.060580 4.620622 
27.245710 1.916734 4.620622 
27.858082 1.776187 4.620622 
28.463695 1.639928 4.620622 
29.061614 1.508824 4.620622 
29.650915 1.383609 4.620622 
30.230686 1.264881 4.620622 
30.800033 1.153102 4.620622 
31.358078 1.048595 4.620622 
31.903959 0.951554 4.620622 
32.436835 0.862044 4.620622 
32.955885 0.780019 4.620622 
33.460311 0.705328 4.620622 
33.949335 0.637733 4.620622 
34.422207 0.576919 4.620622 
34.878198 0.522513 4.620622 
35.316608 0.474096 4.620622 
35.736763 0.431220 4.620622 
36.138017 0.393423 4.620622 
36.519755 0.360238 4.620622 
36.881390 0.331208 4.620622 
37.222366 0.305895 4.620622 
37.542159 0.283887 4.620622 
37.840279 0.264802 4.620622 
38.116266 0.248298 4.620622 
38.369698 0.234070 4.620622 
38.600185 0.221852 4.620622 
38.807371 0.211420 4.620622 
38.990940 0.202583 4.620622 
39.150607 0.195186 4.620622 
39.286129 0.189107 4.620622 
39.397296 0.184249 4.620622 
39.483937 0.180538 4.620622 
39.545918 0.177922 4.620622 
39.583146 0.176366 4.620622 
39.595561 0.175850 4.620622 
11.264229 0.000000 7.054945 
11.275047 0.152122 7.054945 
11.307527 0.303934 7.054945 
11.361619 0.455103 7.054945 
11.437240 0.605287 7.054945 
11.534273 0.754142 7.054945 
11.652568 0.901314 7.054945 
11.791943 1.046438 7.054945 
11.952184 1.189139 7.054945 
12.133042 1.329025 7.054945 
12.334239 1.465689 7.054945 
12.555466 1.598707 7.054945 
12.796381 1.727636 7.054945 
13.056612 1.852013 7.054945 
13.335758 1.971357 7.054945 
13.633389 2.085168 7.054945 
13.949046 2.192934 7.054945 
14.282243 2.294128 7.054945 
14.632465 2.388218 7.054945 
14.999173 2.474672 7.054945 
15.381801 2.552962 7.054945 
15.779760 2.622577 7.054945 
16.192435 2.683030 7.054945 
16.619191 2.733870 7.054945 
17.059369 2.774691 7.054945 
17.512291 2.805143 7.054945 
17.977259 2.824946 7.054945 
18.453555 2.833897 7.054945 
18.940446 2.831882 7.054945 
19.437180 2.818885 7.054945 
19.942992 2.794991 7.054945 
20.457101 2.760396 7.054945 
20.978715 2.715406 7.054945 
21.507029 2.660439 7.054945 
22.041229 2.596021 7.054945 
22.580491 2.522784 7.054945 
23.123984 2.441457 7.054945 
23.670869 2.352854 7.054945 
24.220303 2.257867 7.054945 
24.771438 2.157446 7.054945 
25.323425 2.052589 7.054945 
25.875413 1.944321 7.054945 
26.426550 1.833679 7.054945 
26.975986 1.721693 7.054945 
27.522874 1.609371 7.054945 
28.066371 1.497678 7.054945 
28.605639 1.387525 7.054945 
29.139845 1.279754 7.054945 
29.668166 1.175125 7.054945 
30.189788 1.074308 7.054945 
30.703905 0.977875 7.054945 
31.209726 0.886294 7.054945 
31.706471 0.799933 7.054945 
32.193372 0.719052 7.054945 
32.669680 0.643813 7.054945 
33.134660 0.574284 7.054945 
33.587596 0.510442 7.054945 
34.027788 0.452187 7.054945 
34.454558 0.399350 7.054945 
34.867248 0.351702 7.054945 
35.265222 0.308970 7.054945 
35.647867 0.270842 7.054945 
36.014591 0.236987 7.054945 
36.364831 0.207056 7.054945 
36.698045 0.180700 7.054945 
37.013720 0.157573 7.054945 
37.311370 0.137345 7.054945 
37.590536 0.119702 7.054945 
37.850786 0.104357 7.054945 
38.091720 0.091046 7.054945 
38.312967 0.079538 7.054945 
38.514185 0.069631 7.054945 
38.695064 0.061150 7.054945 
38.855325 0.053952 7.054945 
38.994721 0.047916 7.054945 
39.113037 0.042947 7.054945 
39.210091 0.038971 7.054945 
39.285733 0.035932 7.054945 
39.333458 0.033788 7.044642 
39.356861 0.032512 7.030093 
39.364645 0.032088 7.025238 
14.673577 -0.000000 9.875000 
14.680794 0.072201 9.875000 
14.701131 0.144122 9.875000 
14.734556 0.215590 9.875000 
14.781017 0.286432 9.875000 
14.840441 0.356473 9.875000 
14.912737 0.425537 9.875000 
14.997793 0.493446 9.875000 
15.095476 0.560020 9.875000 
15.205635 0.625074 9.875000 
15.328099 0.688420 9.875000 
15.462680 0.749863 9.875000 
15.609167 0.809204 9.875000 
15.767336 0.866238 9.875000 
15.936939 0.920752 9.875000 
16.117716 0.972526 9.875000 
16.309385 1.021336 9.875000 
16.511650 1.066952 9.875000 
16.724197 1.109141 9.875000 
16.946697 1.147670 9.875000 
17.178806 1.182306 9.875000 
17.420164 1.212824 9.875000 
17.670397 1.239008 9.875000 
17.929118 1.260654 9.875000 
18.195927 1.277579 9.875000 
18.470411 1.289624 9.875000 
18.752147 1.296660 9.875000 
19.040698 1.298591 9.875000 
19.335619 1.295359 9.875000 
19.636456 1.286953 9.875000 
19.942744 1.273406 9.875000 
20.254013 1.254802 9.875000 
20.569783 1.231276 9.875000 
20.889568 1.203014 9.875000 
21.212877 1.170255 9.875000 
21.539215 1.133287 9.875000 
21.868079 1.092445 9.875000 
22.198966 1.048106 9.875000 
22.531369 1.000682 9.875000 
22.864779 0.950620 9.875000 
23.198685 0.898386 9.875000 
23.532575 0.844465 9.875000 
23.865939 0.789347 9.875000 
24.198267 0.733524 9.875000 
24.529048 0.677476 9.875000 
24.857778 0.621668 9.875000 
25.183952 0.566540 9.875000 
25.507069 0.512500 9.875000 
25.826635 0.459920 9.875000 
26.142159 0.409128 9.875000 
26.453157 0.360410 9.875000 
26.759149 0.314001 9.875000 
27.059666 0.270086 9.875000 
27.354244 0.228804 9.875000 
27.642431 0.190244 9.875000 
27.923780 0.154449 9.875000 
28.197858 0.121420 9.875000 
28.464241 0.091119 9.875000 
28.722519 0.063475 9.875000 
28.972290 0.038388 9.875000 
29.213169 0.015734 9.875000 
29.444782 -0.004628 9.875000 
29.666771 -0.022853 9.875000 
29.878791 -0.039100 9.875000 
30.080515 -0.053534 9.875000 
30.271629 -0.066317 9.875000 
30.451837 -0.077604 9.875000 
30.620860 -0.087544 9.875000 
30.778436 -0.096274 9.875000 
30.924320 -0.103919 9.875000 
31.058287 -0.110588 9.875000 
31.180128 -0.116379 9.875000 
31.289656 -0.121375 9.875000 
31.386701 -0.125647 9.875000 
31.471112 -0.129250 9.875000 
31.542758 -0.132232 9.875000 
31.601530 -0.134628 9.875000 
31.647336 -0.136466 9.875000 
31.680106 -0.137766 9.875000 
31.699787 -0.138540 9.875000 
31.706351 -0.138798 9.875000 
17.742830 0.000000 12.995102 
17.746910 0.027449 12.995102 
17.757883 0.054671 12.995102 
17.775731 0.081591 12.995102 
17.800426 0.108136 12.995102 
17.831929 0.134234 12.995102 
17.870190 0.159813 12.995102 
17.915150 0.184802 12.995102 
17.966738 0.209131 12.995102 
18.024876 0.232731 12.995102 
18.089471 0.255530 12.995102 
18.160424 0.277460 12.995102 
18.237625 0.298452 12.995102 
18.320953 0.318432 12.995102 
18.410279 0.337331 12.995102 
18.505465 0.355075 12.995102 
18.606362 0.371588 12.995102 
18.712814 0.386796 12.995102 
18.824656 0.400623 12.995102 
18.941713 0.412990 12.995102 
19.063804 0.423823 12.995102 
19.190740 0.433046 12.995102 
19.322322 0.440588 12.995102 
19.458348 0.446381 12.995102 
19.598607 0.450363 12.995102 
19.742880 0.452482 12.995102 
19.890944 0.452693 12.995102 
20.042571 0.450964 12.995102 
20.197526 0.447277 12.995102 
20.355570 0.441627 12.995102 
20.516459 0.434029 12.995102 
20.679946 0.424511 12.995102 
20.845780 0.413125 12.995102 
21.013705 0.399938 12.995102 
21.183465 0.385038 12.995102 
21.354800 0.368531 12.995102 
21.527448 0.350541 12.995102 
21.701144 0.331208 12.995102 
21.875625 0.310686 12.995102 
22.050624 0.289142 12.995102 
22.225874 0.266754 12.995102 
22.401110 0.243702 12.995102 
22.576063 0.220176 12.995102 
22.750468 0.196362 12.995102 
22.924060 0.172445 12.995102 
23.096573 0.148605 12.995102 
23.267746 0.125014 12.995102 
23.437316 0.101831 12.995102 
23.605025 0.079203 12.995102 
23.770617 0.057262 12.995102 
23.933837 0.036122 12.995102 
24.094437 0.015879 12.995102 
24.252169 -0.003388 12.995102 
24.406791 -0.021619 12.995102 
24.558064 -0.038774 12.995102 
24.705756 -0.054828 12.995102 
24.849638 -0.069775 12.995102 
24.989488 -0.083623 12.995102 
25.125088 -0.096392 12.995102 
25.256230 -0.108114 12.995102 
25.382708 -0.118833 12.995102 
25.504328 -0.128596 12.995102 
25.620898 -0.137458 12.995102 
25.732239 -0.145476 12.995102 
25.838177 -0.152711 12.995102 
25.938547 -0.159220 12.995102 
26.033192 -0.165061 12.995102 
26.121966 -0.170288 12.995102 
26.204729 -0.174951 12.995102 
26.281354 -0.179097 12.995102 
26.351720 -0.182767 12.995102 
26.415719 -0.185997 12.995102 
26.473251 -0.188817 12.995102 
26.524227 -0.191255 12.995102 
26.568566 -0.193330 12.995102 
26.606202 -0.195061 12.995102 
26.637074 -0.196462 12.995102 
26.661136 -0.197541 12.995102 
26.678349 -0.198307 12.995102 
26.688688 -0.198765 12.995102 
26.692136 -0.198917 12.995102 
19.820737 -0.000000 16.320448 
19.824611 0.017414 16.320448 
19.834819 0.034522 16.320448 
19.851343 0.051272 16.320448 
19.874156 0.067612 16.320448 
19.903222 0.083491 16.320448 
19.938497 0.098861 16.320448 
19.979923 0.113673 16.320448 
20.027437 0.127883 16.320448 
20.080964 0.141447 16.320448 
20.140422 0.154323 16.320448 
20.205716 0.166470 16.320448 
20.276747 0.177848 16.320448 
20.353403 0.188420 16.320448 
20.435566 0.198147 16.320448 
20.523107 0.206991 16.320448 
20.615892 0.214915 16.320448 
20.713775 0.221880 16.320448 
20.816605 0.227849 16.320448 
20.924222 0.232783 16.320448 
21.036460 0.236647 16.320448 
21.153142 0.239401 16.320448 
21.274090 0.241012 16.320448 
21.399114 0.241446 16.320448 
21.528021 0.240673 16.320448 
21.660611 0.238667 16.320448 
21.796678 0.235408 16.320448 
21.936013 0.230881 16.320448 
22.078399 0.225080 16.320448 
22.223616 0.218006 16.320448 
22.371442 0.209672 16.320448 
22.521648 0.200099 16.320448 
22.674003 0.189321 16.320448 
22.828275 0.177383 16.320448 
22.984225 0.164341 16.320448 
23.141616 0.150263 16.320448 
23.300208 0.135228 16.320448 
23.459758 0.119327 16.320448 
23.620024 0.102656 16.320448 
23.780761 0.085325 16.320448 
23.941726 0.067445 16.320448 
24.102673 0.049135 16.320448 
24.263359 0.030517 16.320448 
24.423539 0.011712 16.320448 
24.582970 -0.007157 16.320448 
24.741409 -0.025974 16.320448 
24.898617 -0.044623 16.320448 
25.054353 -0.062999 16.320448 
25.208381 -0.081001 16.320448 
25.360464 -0.098539 16.320448 
25.510372 -0.115535 16.320448 
25.657875 -0.131919 16.320448 
25.802745 -0.147634 16.320448 
25.944762 -0.162636 16.320448 
26.083705 -0.176890 16.320448 
26.219362 -0.190374 16.320448 
26.351522 -0.203078 16.320448 
26.479981 -0.214997 16.320448 
26.604540 -0.226140 16.320448 
26.725006 -0.236521 16.320448 
26.841191 -0.246159 16.320448 
26.952914 -0.255082 16.320448 
27.060002 -0.263318 16.320448 
27.162288 -0.270899 16.320448 
27.259612 -0.277858 16.320448 
27.351822 -0.284230 16.320448 
27.438775 -0.290046 16.320448 
27.520334 -0.295338 16.320448 
27.596373 -0.300136 16.320448 
27.666772 -0.304466 16.320448 
27.731423 -0.308353 16.320448 
27.790224 -0.311817 16.320448 
27.843083 -0.314876 16.320448 
27.889919 -0.317545 16.320448 
27.930659 -0.319838 16.320448 
27.965238 -0.321764 16.320448 
27.993604 -0.323330 16.320448 
28.015712 -0.324543 16.320448 
28.031528 -0.325406 16.320448 
28.041028 -0.325923 16.320448 
28.044196 -0.326095 16.320448 
21.963758 -0.000000 19.750000 
21.967289 0.010954 19.750000 
21.976574 0.021535 19.750000 
21.991598 0.031707 19.750000 
22.012337 0.041433 19.750000 
22.038758 0.050679 19.750000 
22.070819 0.059413 19.750000 
22.108470 0.067603 19.750000 
22.151651 0.075221 19.750000 
22.200296 0.082241 19.750000 
22.254328 0.088638 19.750000 
22.313663 0.094390 19.750000 
22.378209 0.099477 19.750000 
22.447866 0.103878 19.750000 
22.522526 0.107577 19.750000 
22.602074 0.110556 19.750000 
22.686385 0.112799 19.750000 
22.775329 0.114290 19.750000 
22.868768 0.115013 19.750000 
22.966558 0.114955 19.750000 
23.068546 0.114099 19.750000 
23.174574 0.112432 19.750000 
23.284479 0.109940 19.750000 
23.398089 0.106611 19.750000 
23.515229 0.102434 19.750000 
23.635716 0.097401 19.750000 
23.759366 0.091505 19.750000 
23.885985 0.084745 19.750000 
24.015378 0.077122 19.750000 
24.147347 0.068645 19.750000 
24.281686 0.059325 19.750000 
24.418189 0.049180 19.750000 
24.556647 0.038238 19.750000 
24.696847 0.026529 19.750000 
24.838573 0.014093 19.750000 
24.981609 0.000977 19.750000 
25.125736 -0.012766 19.750000 
25.270735 -0.027075 19.750000 
25.416384 -0.041885 19.750000 
25.562461 -0.057125 19.750000 
25.708745 -0.072719 19.750000 
25.855012 -0.088589 19.750000 
26.001042 -0.104652 19.750000 
26.146611 -0.120828 19.750000 
26.291499 -0.137033 19.750000 
26.435485 -0.153189 19.750000 
26.578351 -0.169217 19.750000 
26.719879 -0.185043 19.750000 
26.859854 -0.200599 19.750000 
26.998062 -0.215819 19.750000 
27.134292 -0.230648 19.750000 
27.268336 -0.245034 19.750000 
27.399987 -0.258935 19.750000 
27.529045 -0.272314 19.750000 
27.655310 -0.285144 19.750000 
27.778587 -0.297402 19.750000 
27.898687 -0.309075 19.750000 
28.015424 -0.320154 19.750000 
28.128616 -0.330636 19.750000 
28.238089 -0.340526 19.750000 
28.343672 -0.349829 19.750000 
28.445200 -0.358557 19.750000 
28.542516 -0.366721 19.750000 
28.635468 -0.374339 19.750000 
28.723912 -0.381425 19.750000 
28.807708 -0.387996 19.750000 
28.886727 -0.394070 19.750000 
28.960844 -0.399662 19.750000 
29.029945 -0.404788 19.750000 
29.093922 -0.409461 19.750000 
29.152674 -0.413695 19.750000 
29.206110 -0.417499 19.750000 
29.254147 -0.420883 19.750000 
29.296710 -0.423854 19.750000 
29.333732 -0.426420 19.750000 
29.365157 -0.428584 19.750000 
29.390935 -0.430350 19.750000 
29.411027 -0.431722 19.750000 
29.425400 -0.432700 19.750000 
29.434033 -0.433286 19.750000 
29.436912 -0.433482 19.750000 
24.106780 -0.000000 23.179552 
24.109927 0.007241 23.179552 
24.118251 0.014068 23.179552 
24.131738 0.020455 23.179552 
24.150366 0.026377 23.179552 
24.174105 0.031809 23.179552 
24.202917 0.036730 23.179552 
24.236758 0.041118 23.179552 
24.275574 0.044956 23.179552 
24.319305 0.048227 23.179552 
24.367882 0.050917 23.179552 
24.421230 0.053015 23.179552 
24.479266 0.054508 23.179552 
24.541900 0.055390 23.179552 
24.609035 0.055652 23.179552 
24.680567 0.055289 23.179552 
24.756386 0.054294 23.179552 
24.836374 0.052664 23.179552 
24.920407 0.050394 23.179552 
25.008356 0.047481 23.179552 
25.100083 0.043921 23.179552 
25.195447 0.039713 23.179552 
25.294300 0.034853 23.179552 
25.396490 0.029341 23.179552 
25.501857 0.023175 23.179552 
25.610239 0.016357 23.179552 
25.721468 0.008888 23.179552 
25.835373 0.000774 23.179552 
25.951776 -0.007979 23.179552 
26.070498 -0.017360 23.179552 
26.191356 -0.027355 23.179552 
26.314165 -0.037948 23.179552 
26.438734 -0.049116 23.179552 
26.564873 -0.060833 23.179552 
26.692388 -0.073067 23.179552 
26.821084 -0.085785 23.179552 
26.950763 -0.098945 23.179552 
27.081228 -0.112502 23.179552 
27.212280 -0.126410 23.179552 
27.343718 -0.140615 23.179552 
27.475342 -0.155062 23.179552 
27.606953 -0.169694 23.179552 
27.738350 -0.184452 23.179552 
27.869333 -0.199276 23.179552 
27.999703 -0.214107 23.179552 
28.129262 -0.228884 23.179552 
28.257812 -0.243551 23.179552 
28.385157 -0.258052 23.179552 
28.511104 -0.272335 23.179552 
28.635461 -0.286351 23.179552 
28.758037 -0.300056 23.179552 
28.878644 -0.313410 23.179552 
28.997099 -0.326379 23.179552 
29.113218 -0.338930 23.179552 
29.226824 -0.351041 23.179552 
29.337741 -0.362689 23.179552 
29.445798 -0.373860 23.179552 
29.550828 -0.384542 23.179552 
29.652668 -0.394728 23.179552 
29.751161 -0.404414 23.179552 
29.846153 -0.413600 23.179552 
29.937497 -0.422287 23.179552 
30.025051 -0.430480 23.179552 
30.108678 -0.438184 23.179552 
30.188249 -0.445406 23.179552 
30.263638 -0.452152 23.179552 
30.334728 -0.458431 23.179552 
30.401409 -0.464250 23.179552 
30.463577 -0.469615 23.179552 
30.521134 -0.474533 23.179552 
30.573991 -0.479010 23.179552 
30.622065 -0.483050 23.179552 
30.665281 -0.486658 23.179552 
30.703573 -0.489836 23.179552 
30.736881 -0.492587 23.179552 
30.765152 -0.494913 23.179552 
30.788344 -0.496814 23.179552 
30.806419 -0.498293 23.179552 
30.819350 -0.499349 23.179552 
30.827116 -0.499982 23.179552 
30.829706 -0.500193 23.179552 
26.184687 -0.000000 26.504898 
26.187475 0.005312 26.504898 
26.194882 0.010205 26.504898 
26.206895 0.014656 26.504898 
26.223495 0.018648 26.504898 
26.244654 0.022162 26.504898 
26.270339 0.025181 26.504898 
26.300510 0.027692 26.504898 
26.335120 0.029680 26.504898 
26.374113 0.031136 26.504898 
26.417431 0.032049 26.504898 
26.465005 0.032414 26.504898 
26.516761 0.032224 26.504898 
26.572620 0.031476 26.504898 
26.632495 0.030166 26.504898 
26.696293 0.028293 26.504898 
26.763916 0.025858 26.504898 
26.835259 0.022859 26.504898 
26.910212 0.019298 26.504898 
26.988658 0.015177 26.504898 
27.070477 0.010496 26.504898 
27.155542 0.005258 26.504898 
27.243721 -0.000534 26.504898 
27.334878 -0.006878 26.504898 
27.428872 -0.013769 26.504898 
27.525557 -0.021204 26.504898 
27.624783 -0.029175 26.504898 
27.726398 -0.037677 26.504898 
27.830244 -0.046699 26.504898 
27.936160 -0.056230 26.504898 
28.043985 -0.066256 26.504898 
28.153550 -0.076762 26.504898 
28.264688 -0.087726 26.504898 
28.377229 -0.099126 26.504898 
28.490998 -0.110936 26.504898 
28.605822 -0.123125 26.504898 
28.721524 -0.135662 26.504898 
28.837929 -0.148508 26.504898 
28.954858 -0.161625 26.504898 
29.072132 -0.174971 26.504898 
29.189574 -0.188502 26.504898 
29.307003 -0.202170 26.504898 
29.424242 -0.215929 26.504898 
29.541112 -0.229730 26.504898 
29.657434 -0.243525 26.504898 
29.773033 -0.257266 26.504898 
29.887731 -0.270906 26.504898 
30.001355 -0.284400 26.504898 
30.113730 -0.297705 26.504898 
30.224686 -0.310782 26.504898 
30.334052 -0.323592 26.504898 
30.441662 -0.336102 26.504898 
30.547350 -0.348281 26.504898 
30.650954 -0.360103 26.504898 
30.752314 -0.371545 26.504898 
30.851275 -0.382588 26.504898 
30.947684 -0.393216 26.504898 
31.041391 -0.403417 26.504898 
31.132253 -0.413181 26.504898 
31.220127 -0.422502 26.504898 
31.304877 -0.431376 26.504898 
31.386373 -0.439801 26.504898 
31.464486 -0.447778 26.504898 
31.539096 -0.455306 26.504898 
31.610086 -0.462388 26.504898 
31.677345 -0.469026 26.504898 
31.740770 -0.475224 26.504898 
31.800260 -0.480985 26.504898 
31.855723 -0.486311 26.504898 
31.907073 -0.491205 26.504898 
31.954230 -0.495669 26.504898 
31.997119 -0.499706 26.504898 
32.035675 -0.503316 26.504898 
32.069837 -0.506501 26.504898 
32.099553 -0.509262 26.504898 
32.124775 -0.511597 26.504898 
32.145465 -0.513509 26.504898 
32.161591 -0.514996 26.504898 
32.173127 -0.516058 26.504898 
32.180056 -0.516696 26.504898 
32.182367 -0.516908 26.504898 
28.134343 -0.000000 29.625000 
28.136824 0.004491 29.625000 
28.143402 0.008588 29.625000 
28.154065 0.012273 29.625000 
28.168797 0.015530 29.625000 
28.187574 0.018344 29.625000 
28.210366 0.020700 29.625000 
28.237138 0.022588 29.625000 
28.267846 0.023995 29.625000 
28.302443 0.024914 29.625000 
28.340876 0.025336 29.625000 
28.383084 0.025258 29.625000 
28.429002 0.024674 29.625000 
28.478560 0.023582 29.625000 
28.531679 0.021981 29.625000 
28.588279 0.019870 29.625000 
28.648271 0.017251 29.625000 
28.711563 0.014123 29.625000 
28.778058 0.010490 29.625000 
28.847651 0.006353 29.625000 
28.920236 0.001715 29.625000 
28.995700 -0.003420 29.625000 
29.073927 -0.009051 29.625000 
29.154794 -0.015172 29.625000 
29.238178 -0.021780 29.625000 
29.323950 -0.028869 29.625000 
29.411975 -0.036434 29.625000 
29.502119 -0.044466 29.625000 
29.594242 -0.052957 29.625000 
29.688202 -0.061896 29.625000 
29.783854 -0.071270 29.625000 
29.881050 -0.081064 29.625000 
29.979641 -0.091260 29.625000 
30.079475 -0.101837 29.625000 
30.180399 -0.112773 29.625000 
30.282258 -0.124039 29.625000 
30.384897 -0.135607 29.625000 
30.488158 -0.147446 29.625000 
30.591883 -0.159519 29.625000 
30.695915 -0.171791 29.625000 
30.800095 -0.184221 29.625000 
30.904263 -0.196770 29.625000 
31.008263 -0.209396 29.625000 
31.111934 -0.222056 29.625000 
31.215120 -0.234707 29.625000 
31.317664 -0.247309 29.625000 
31.419409 -0.259819 29.625000 
31.520201 -0.272197 29.625000 
31.619885 -0.284406 29.625000 
31.718310 -0.296410 29.625000 
31.815325 -0.308175 29.625000 
31.910782 -0.319672 29.625000 
32.004534 -0.330874 29.625000 
32.096437 -0.341755 29.625000 
32.186351 -0.352295 29.625000 
32.274136 -0.362477 29.625000 
32.359658 -0.372286 29.625000 
32.442783 -0.381710 29.625000 
32.523384 -0.390740 29.625000 
32.601335 -0.399369 29.625000 
32.676516 -0.407592 29.625000 
32.748809 -0.415408 29.625000 
32.818102 -0.422815 29.625000 
32.884287 -0.429812 29.625000 
32.947262 -0.436400 29.625000 
33.006927 -0.442582 29.625000 
33.063190 -0.448358 29.625000 
33.115964 -0.453730 29.625000 
33.165165 -0.458700 29.625000 
33.210717 -0.463270 29.625000 
33.252549 -0.467441 29.625000 
33.290597 -0.471214 29.625000 
33.324800 -0.474590 29.625000 
33.355105 -0.477570 29.625000 
33.381466 -0.480153 29.625000 
33.403841 -0.482339 29.625000 
33.422195 -0.484128 29.625000 
33.436500 -0.485521 29.625000 
33.446734 -0.486515 29.625000 
33.452881 -0.487112 29.625000 
33.454931 -0.487311 29.625000 
29.896509 -0.000000 32.445055 
29.898739 0.004403 32.445055 
29.904597 0.008460 32.445055 
29.914072 0.012156 32.445055 
29.927151 0.015474 32.445055 
29.943811 0.018400 32.445055 
29.964027 0.020920 32.445055 
29.987765 0.023022 32.445055 
30.014990 0.024697 32.445055 
30.045658 0.025934 32.445055 
30.079722 0.026727 32.445055 
30.117129 0.027070 32.445055 
30.157821 0.026959 32.445055 
30.201734 0.026389 32.445055 
30.248800 0.025359 32.445055 
30.298948 0.023867 32.445055 
30.352099 0.021913 32.445055 
30.408171 0.019496 32.445055 
30.467077 0.016617 32.445055 
30.528726 0.013277 32.445055 
30.593022 0.009476 32.445055 
30.659867 0.005217 32.445055 
30.729156 0.000499 32.445055 
30.800783 -0.004673 32.445055 
30.874636 -0.010299 32.445055 
30.950600 -0.016375 32.445055 
31.028559 -0.022895 32.445055 
31.108392 -0.029856 32.445055 
31.189975 -0.037249 32.445055 
31.273183 -0.045066 32.445055 
31.357886 -0.053296 32.445055 
31.443955 -0.061925 32.445055 
31.531257 -0.070938 32.445055 
31.619657 -0.080315 32.445055 
31.709020 -0.090035 32.445055 
31.799210 -0.100073 32.445055 
31.890087 -0.110402 32.445055 
31.981514 -0.120993 32.445055 
32.073351 -0.131811 32.445055 
32.165458 -0.142822 32.445055 
32.257694 -0.153990 32.445055 
32.349920 -0.165275 32.445055 
32.441994 -0.176638 32.445055 
32.533778 -0.188039 32.445055 
32.625132 -0.199436 32.445055 
32.715917 -0.210791 32.445055 
32.805995 -0.222064 32.445055 
32.895229 -0.233218 32.445055 
32.983482 -0.244216 32.445055 
33.070621 -0.255024 32.445055 
33.156513 -0.265613 32.445055 
33.241025 -0.275952 32.445055 
33.324029 -0.286018 32.445055 
33.405397 -0.295787 32.445055 
33.485005 -0.305241 32.445055 
33.562728 -0.314363 32.445055 
33.638449 -0.323142 32.445055 
33.712048 -0.331565 32.445055 
33.783414 -0.339626 32.445055 
33.852434 -0.347320 32.445055 
33.919001 -0.354644 32.445055 
33.983013 -0.361595 32.445055 
34.044369 -0.368174 32.445055 
34.102974 -0.374382 32.445055 
34.158736 -0.380221 32.445055 
34.211568 -0.385693 32.445055 
34.261389 -0.390800 32.445055 
34.308119 -0.395546 32.445055 
34.351687 -0.399934 32.445055 
34.392024 -0.403964 32.445055 
34.429067 -0.407641 32.445055 
34.462758 -0.410964 32.445055 
34.493046 -0.413936 32.445055 
34.519882 -0.416558 32.445055 
34.543225 -0.418830 32.445055 
34.563038 -0.420753 32.445055 
34.579292 -0.422326 32.445055 
34.591959 -0.423549 32.445055 
34.601022 -0.424424 32.445055 
34.606465 -0.424948 32.445055 
34.608280 -0.425123 32.445055 
31.417643 -0.000000 34.879378 
31.419675 0.004867 34.879378 
31.424932 0.009448 34.879378 
31.433405 0.013724 34.879378 
31.445080 0.017680 34.879378 
31.459939 0.021300 34.879378 
31.477957 0.024569 34.879378 
31.499106 0.027475 34.879378 
31.523353 0.030005 34.879378 
31.550660 0.032150 34.879378 
31.580985 0.033900 34.879378 
31.614280 0.035247 34.879378 
31.650493 0.036185 34.879378 
31.689569 0.036708 34.879378 
31.731447 0.036811 34.879378 
31.776061 0.036491 34.879378 
31.823343 0.035742 34.879378 
31.873220 0.034563 34.879378 
31.925614 0.032951 34.879378 
31.980443 0.030902 34.879378 
32.037624 0.028414 34.879378 
32.097067 0.025485 34.879378 
32.158679 0.022112 34.879378 
32.222367 0.018294 34.879378 
32.288030 0.014031 34.879378 
32.355567 0.009321 34.879378 
32.424872 0.004165 34.879378 
32.495840 -0.001433 34.879378 
32.568360 -0.007471 34.879378 
32.642320 -0.013941 34.879378 
32.717606 -0.020834 34.879378 
32.794101 -0.028141 34.879378 
32.871689 -0.035845 34.879378 
32.950249 -0.043930 34.879378 
33.029662 -0.052374 34.879378 
33.109806 -0.061155 34.879378 
33.190559 -0.070244 34.879378 
33.271797 -0.079611 34.879378 
33.353397 -0.089223 34.879378 
33.435234 -0.099044 34.879378 
33.517185 -0.109037 34.879378 
33.599124 -0.119161 34.879378 
33.680929 -0.129376 34.879378 
33.762474 -0.139640 34.879378 
33.843636 -0.149911 34.879378 
33.924293 -0.160150 34.879378 
34.004322 -0.170315 34.879378 
34.083600 -0.180368 34.879378 
34.162009 -0.190272 34.879378 
34.239428 -0.199995 34.879378 
34.315739 -0.209504 34.879378 
34.390827 -0.218771 34.879378 
34.464575 -0.227773 34.879378 
34.536872 -0.236488 34.879378 
34.607605 -0.244897 34.879378 
34.676666 -0.252987 34.879378 
34.743948 -0.260747 34.879378 
34.809347 -0.268168 34.879378 
34.872762 -0.275246 34.879378 
34.934095 -0.281976 34.879378 
34.993249 -0.288360 34.879378 
35.050133 -0.294397 34.879378 
35.104659 -0.300091 34.879378 
35.156740 -0.305445 34.879378 
35.206296 -0.310465 34.879378 
35.253249 -0.315154 34.879378 
35.297526 -0.319518 34.879378 
35.339057 -0.323562 34.879378 
35.377778 -0.327290 34.879378 
35.413627 -0.330708 34.879378 
35.446550 -0.333819 34.879378 
35.476494 -0.336627 34.879378 
35.503413 -0.339133 34.879378 
35.527265 -0.341341 34.879378 
35.548011 -0.343253 34.879378 
35.565622 -0.344869 34.879378 
35.580067 -0.346190 34.879378 
35.591326 -0.347217 34.879378 
35.599381 -0.347950 34.879378 
35.604219 -0.348390 34.879378 
35.605832 -0.348537 34.879378 
32.651525 -0.000000 36.854002 
32.653406 0.005760 36.854002 
32.658185 0.011288 36.854002 
32.665855 0.016567 36.854002 
32.676402 0.021578 36.854002 
32.689810 0.026303 36.854002 
32.706057 0.030727 36.854002 
32.725118 0.034835 36.854002 
32.746963 0.038612 36.854002 
32.771558 0.042045 36.854002 
32.798864 0.045123 36.854002 
32.828838 0.047836 36.854002 
32.861434 0.050172 36.854002 
32.896602 0.052123 36.854002 
32.934286 0.053680 36.854002 
32.974429 0.054836 36.854002 
33.016967 0.055581 36.854002 
33.061835 0.055910 36.854002 
33.108964 0.055812 36.854002 
33.158279 0.055282 36.854002 
33.209704 0.054311 36.854002 
33.263159 0.052892 36.854002 
33.318561 0.051018 36.854002 
33.375825 0.048681 36.854002 
33.434860 0.045876 36.854002 
33.495575 0.042597 36.854002 
33.557876 0.038841 36.854002 
33.621667 0.034607 36.854002 
33.686848 0.029895 36.854002 
33.753319 0.024709 36.854002 
33.820977 0.019054 36.854002 
33.889718 0.012940 36.854002 
33.959436 0.006381 36.854002 
34.030025 -0.000606 36.854002 
34.101375 -0.007999 36.854002 
34.173379 -0.015775 36.854002 
34.245926 -0.023902 36.854002 
34.318906 -0.032349 36.854002 
34.392208 -0.041079 36.854002 
34.465721 -0.050053 36.854002 
34.539334 -0.059229 36.854002 
34.612936 -0.068562 36.854002 
34.686414 -0.078009 36.854002 
34.759659 -0.087522 36.854002 
34.832559 -0.097057 36.854002 
34.905005 -0.106567 36.854002 
34.976886 -0.116008 36.854002 
35.048095 -0.125339 36.854002 
35.118522 -0.134520 36.854002 
35.188062 -0.143515 36.854002 
35.256608 -0.152290 36.854002 
35.324056 -0.160817 36.854002 
35.390302 -0.169069 36.854002 
35.455245 -0.177026 36.854002 
35.518786 -0.184670 36.854002 
35.580826 -0.191989 36.854002 
35.641270 -0.198972 36.854002 
35.700024 -0.205615 36.854002 
35.756997 -0.211914 36.854002 
35.812100 -0.217869 36.854002 
35.865248 -0.223484 36.854002 
35.916357 -0.228763 36.854002 
35.965348 -0.233713 36.854002 
36.012144 -0.238340 36.854002 
36.056672 -0.242653 36.854002 
36.098862 -0.246661 36.854002 
36.138648 -0.250372 36.854002 
36.175967 -0.253795 36.854002 
36.210762 -0.256937 36.854002 
36.242977 -0.259805 36.854002 
36.272561 -0.262407 36.854002 
36.299470 -0.264747 36.854002 
36.323660 -0.266831 36.854002 
36.345094 -0.268662 36.854002 
36.363738 -0.270244 36.854002 
36.379563 -0.271579 36.854002 
36.392545 -0.272669 36.854002 
36.402663 -0.273515 36.854002 
36.409901 -0.274120 36.854002 
36.414249 -0.274482 36.854002 
36.415699 -0.274602 36.854002 
33.560665 -0.000000 38.308929 
33.562432 0.006872 38.308929 
33.566858 0.013556 38.308929 
33.573934 0.020033 38.308929 
33.583649 0.026283 38.308929 
33.595987 0.032287 38.308929 
33.610929 0.038025 38.308929 
33.628451 0.043482 38.308929 
33.648525 0.048640 38.308929 
33.671120 0.053483 38.308929 
33.696202 0.057998 38.308929 
33.723730 0.062169 38.308929 
33.753661 0.065983 38.308929 
33.785950 0.069427 38.308929 
33.820546 0.072488 38.308929 
33.857394 0.075153 38.308929 
33.896439 0.077410 38.308929 
33.937618 0.079243 38.308929 
33.980868 0.080642 38.308929 
34.026121 0.081591 38.308929 
34.073306 0.082078 38.308929 
34.122351 0.082089 38.308929 
34.173179 0.081610 38.308929 
34.225710 0.080629 38.308929 
34.279863 0.079134 38.308929 
34.335554 0.077114 38.308929 
34.392695 0.074562 38.308929 
34.451198 0.071472 38.308929 
34.510972 0.067840 38.308929 
34.571925 0.063667 38.308929 
34.633963 0.058957 38.308929 
34.696990 0.053718 38.308929 
34.760910 0.047965 38.308929 
34.825624 0.041714 38.308929 
34.891033 0.034990 38.308929 
34.957038 0.027819 38.308929 
35.023538 0.020234 38.308929 
35.090432 0.012273 38.308929 
35.157619 0.003978 38.308929 
35.224997 -0.004608 38.308929 
35.292466 -0.013436 38.308929 
35.359922 -0.022455 38.308929 
35.427264 -0.031613 38.308929 
35.494392 -0.040858 38.308929 
35.561203 -0.050137 38.308929 
35.627598 -0.059399 38.308929 
35.693475 -0.068593 38.308929 
35.758736 -0.077672 38.308929 
35.823282 -0.086591 38.308929 
35.887015 -0.095309 38.308929 
35.949838 -0.103791 38.308929 
36.011656 -0.112004 38.308929 
36.072374 -0.119921 38.308929 
36.131899 -0.127520 38.308929 
36.190140 -0.134783 38.308929 
36.247006 -0.141698 38.308929 
36.302411 -0.148257 38.308929 
36.356268 -0.154456 38.308929 
36.408494 -0.160295 38.308929 
36.459007 -0.165778 38.308929 
36.507728 -0.170910 38.308929 
36.554582 -0.175700 38.308929 
36.599495 -0.180159 38.308929 
36.642397 -0.184297 38.308929 
36.683220 -0.188127 38.308929 
36.721900 -0.191662 38.308929 
36.758377 -0.194913 38.308929 
36.792592 -0.197893 38.308929 
36.824494 -0.200613 38.308929 
36.854030 -0.203083 38.308929 
36.881155 -0.205313 38.308929 
36.905827 -0.207310 38.308929 
36.928006 -0.209081 38.308929 
36.947659 -0.210633 38.308929 
36.964753 -0.211970 38.308929 
36.979263 -0.213096 38.308929 
36.991166 -0.214013 38.308929 
37.000443 -0.214725 38.308929 
37.007080 -0.215232 38.308929 
37.011066 -0.215536 38.308929 
37.012396 -0.215637 38.308929 
34.117438 -0.000000 39.199953 
34.119131 0.007832 39.199953 
34.123334 0.015505 39.199953 
34.130041 0.022996 39.199953 
34.139240 0.030286 39.199953 
34.150917 0.037353 39.199953 
34.165054 0.044177 39.199953 
34.181627 0.050740 39.199953 
34.200611 0.057022 39.199953 
34.221977 0.063007 39.199953 
34.245690 0.068677 39.199953 
34.271715 0.074014 39.199953 
34.300009 0.079002 39.199953 
34.330530 0.083624 39.199953 
34.363229 0.087864 39.199953 
34.398056 0.091705 39.199953 
34.434956 0.095129 39.199953 
34.473872 0.098118 39.199953 
34.514742 0.100655 39.199953 
34.557504 0.102721 39.199953 
34.602090 0.104297 39.199953 
34.648430 0.105363 39.199953 
34.696453 0.105903 39.199953 
34.746083 0.105898 39.199953 
34.797243 0.105331 39.199953 
34.849853 0.104188 39.199953 
34.903831 0.102457 39.199953 
34.959093 0.100127 39.199953 
35.015553 0.097194 39.199953 
35.073125 0.093656 39.199953 
35.131719 0.089514 39.199953 
35.191245 0.084779 39.199953 
35.251612 0.079461 39.199953 
35.312727 0.073582 39.199953 
35.374496 0.067166 39.199953 
35.436826 0.060243 39.199953 
35.499621 0.052851 39.199953 
35.562788 0.045030 39.199953 
35.626230 0.036827 39.199953 
35.689851 0.028292 39.199953 
35.753556 0.019480 39.199953 
35.817248 0.010448 39.199953 
35.880833 0.001253 39.199953 
35.944214 -0.008045 39.199953 
36.007297 -0.017387 39.199953 
36.069986 -0.026715 39.199953 
36.132186 -0.035974 39.199953 
36.193805 -0.045110 39.199953 
36.254750 -0.054075 39.199953 
36.314927 -0.062823 39.199953 
36.374245 -0.071314 39.199953 
36.432615 -0.079515 39.199953 
36.489947 -0.087396 39.199953 
36.546154 -0.094932 39.199953 
36.601149 -0.102108 39.199953 
36.654847 -0.108910 39.199953 
36.707165 -0.115331 39.199953 
36.758023 -0.121369 39.199953 
36.807340 -0.127025 39.199953 
36.855042 -0.132306 39.199953 
36.901052 -0.137221 39.199953 
36.945299 -0.141780 39.199953 
36.987714 -0.145997 39.199953 
37.028229 -0.149888 39.199953 
37.066782 -0.153466 39.199953 
37.103312 -0.156749 39.199953 
37.137761 -0.159751 39.199953 
37.170075 -0.162488 39.199953 
37.200203 -0.164972 39.199953 
37.228098 -0.167218 39.199953 
37.253717 -0.169236 39.199953 
37.277018 -0.171036 39.199953 
37.297965 -0.172628 39.199953 
37.316525 -0.174018 39.199953 
37.332670 -0.175212 39.199953 
37.346374 -0.176216 39.199953 
37.357616 -0.177033 39.199953 
37.366378 -0.177665 39.199953 
37.372646 -0.178116 39.199953 
37.376411 -0.178385 39.199953 
37.377667 -0.178475 39.199953 
34.304928 0.000000 39.500000 
34.306594 0.008217 39.500000 
34.310721 0.016284 39.500000 
34.317301 0.024180 39.500000 
34.326325 0.031881 39.500000 
34.337777 0.039368 39.500000 
34.351640 0.046620 39.500000 
34.367892 0.053616 39.500000 
34.386507 0.060339 39.500000 
34.407457 0.066769 39.500000 
34.430708 0.072888 39.500000 
34.456224 0.078678 39.500000 
34.483966 0.084121 39.500000 
34.513889 0.089198 39.500000 
34.545948 0.093892 39.500000 
34.580092 0.098184 39.500000 
34.616269 0.102055 39.500000 
34.654421 0.105485 39.500000 
34.694488 0.108454 39.500000 
34.736410 0.110941 39.500000 
34.780119 0.112926 39.500000 
34.825547 0.114388 39.500000 
34.872624 0.115306 39.500000 
34.921276 0.115661 39.500000 
34.971426 0.115433 39.500000 
35.022998 0.114607 39.500000 
35.075910 0.113169 39.500000 
35.130080 0.111108 39.500000 
35.185424 0.108416 39.500000 
35.241857 0.105092 39.500000 
35.299290 0.101137 39.500000 
35.357637 0.096560 39.500000 
35.416807 0.091375 39.500000 
35.476709 0.085600 39.500000 
35.537253 0.079261 39.500000 
35.598345 0.072392 39.500000 
35.659893 0.065029 39.500000 
35.721805 0.057217 39.500000 
35.783985 0.049003 39.500000 
35.846341 0.040440 39.500000 
35.908779 0.031586 39.500000 
35.971205 0.022499 39.500000 
36.033525 0.013241 39.500000 
36.095645 0.003873 39.500000 
36.157472 -0.005542 39.500000 
36.218913 -0.014945 39.500000 
36.279877 -0.024278 39.500000 
36.340270 -0.033484 39.500000 
36.400002 -0.042513 39.500000 
36.458982 -0.051319 39.500000 
36.517121 -0.059860 39.500000 
36.574330 -0.068099 39.500000 
36.630522 -0.076008 39.500000 
36.685611 -0.083563 39.500000 
36.739513 -0.090744 39.500000 
36.792144 -0.097540 39.500000 
36.843423 -0.103945 39.500000 
36.893271 -0.109955 39.500000 
36.941610 -0.115575 39.500000 
36.988364 -0.120810 39.500000 
37.033461 -0.125671 39.500000 
37.076830 -0.130169 39.500000 
37.118404 -0.134321 39.500000 
37.158116 -0.138141 39.500000 
37.195904 -0.141647 39.500000 
37.231709 -0.144855 39.500000 
37.265475 -0.147782 39.500000 
37.297149 -0.150445 39.500000 
37.326680 -0.152856 39.500000 
37.354022 -0.155032 39.500000 
37.379133 -0.156984 39.500000 
37.401972 -0.158722 39.500000 
37.422504 -0.160257 39.500000 
37.440697 -0.161595 39.500000 
37.456522 -0.162744 39.500000 
37.469954 -0.163709 39.500000 
37.480973 -0.164493 39.500000 
37.489561 -0.165100 39.500000 
37.495705 -0.165532 39.500000 
37.499396 -0.165791 39.500000 
37.500626 -0.165877 39.500000 
0.000000 0.000000 0.000000 
0.015419 -0.110338 -0.000000 
0.061653 -0.220089 -0.000000 
0.138631 -0.328644 0.000000 
0.246233 -0.435410 -0.000000 
0.384294 -0.539819 0.000000 
0.552602 -0.641334 -0.000000 
0.750895 -0.739455 0.000000 
0.978870 -0.833728 0.000000 
1.236173 -0.923742 0.000000 
1.522409 -1.009141 0.000000 
1.837137 -1.089618 0.000000 
2.179870 -1.164922 0.000000 
2.550080 -1.234852 -0.000000 
2.947197 -1.299261 0.000000 
3.370608 -1.358048 -0.000000 
3.819660 -1.411161 -0.000000 
4.293661 -1.458586 -0.000000 
4.791881 -1.500348 0.000000 
5.313550 -1.536502 -0.000000 
5.857864 -1.567131 0.000000 
6.423985 -1.592341 -0.000000 
7.011039 -1.612254 0.000000 
7.618121 -1.627003 0.000000 
8.244295 -1.636734 -0.000000 
8.888595 -1.641595 0.000000 
9.550029 -1.641738 0.000000 
10.227575 -1.637316 0.000000 
10.920190 -1.628482 0.000000 
11.626805 -1.615389 0.000000 
12.346331 -1.598189 -0.000000 
13.077659 -1.577036 0.000000 
13.819660 -1.552083 -0.000000 
14.571191 -1.523492 0.000000 
15.331093 -1.491427 -0.000000 
16.098194 -1.456061 0.000000 
16.871311 -1.417578 0.000000 
17.649252 -1.376175 0.000000 
18.430818 -1.332064 0.000000 
19.214804 -1.285469 0.000000 
20.000000 -1.236635 -0.000000 
20.785196 -1.185820 0.000000 
21.569182 -1.133302 -0.000000 
22.350748 -1.079373 -0.000000 
23.128689 -1.024339 0.000000 
23.901806 -0.968517 0.000000 
24.668907 -0.912234 -0.000000 
25.428809 -0.855824 0.000000 
26.180340 -0.799620 -0.000000 
26.922341 -0.743953 0.000000 
27.653669 -0.689151 0.000000 
28.373195 -0.635525 0.000000 
29.079810 -0.583376 -0.000000 
29.772425 -0.532982 -0.000000 
30.449971 -0.484597 0.000000 
31.111405 -0.438450 0.000000 
31.755705 -0.394736 0.000000 
32.381879 -0.353619 0.000000 
32.988961 -0.315227 -0.000000 
33.576015 -0.279652 -0.000000 
34.142136 -0.246948 -0.000000 
34.686450 -0.217133 0.000000 
35.208119 -0.190188 0.000000 
35.706339 -0.166061 0.000000 
36.180340 -0.144667 -0.000000 
36.629392 -0.125891 -0.000000 
37.052803 -0.109595 -0.000000 
37.449920 -0.095615 0.000000 
37.820130 -0.083775 -0.000000 
38.162863 -0.073881 0.000000 
38.477591 -0.065734 0.000000 
38.763827 -0.059131 -0.000000 
39.021130 -0.053870 0.000000 
39.249105 -0.049757 0.000000 
39.447398 -0.046608 0.000000 
39.615706 -0.044253 -0.000000 
39.753767 -0.042544 -0.000000 
39.861369 -0.041352 0.000000 
39.938347 -0.040576 0.000000 
39.984581 -0.040140 0.000000 
40.000000 -0.040000 -0.000000 
0.035158 -0.000000 0.300047 
0.050650 -0.111015 0.300047 
0.096908 -0.221416 0.300047 
0.173862 -0.330590 0.300047 
0.281392 -0.437945 0.300047 
0.419332 -0.542908 0.300047 
0.587470 -0.644943 0.300047 
0.785544 -0.743549 0.300047 
1.013251 -0.838268 0.300047 
1.270238 -0.928689 0.300047 
1.556109 -1.014455 0.300047 
1.870423 -1.095258 0.300047 
2.212696 -1.170845 0.300047 
2.582399 -1.241015 0.300047 
2.978962 -1.305619 0.300047 
3.401774 -1.364556 0.300047 
3.850184 -1.417772 0.300047 
4.323499 -1.465253 0.300047 
4.820990 -1.507021 0.300047 
5.341890 -1.543132 0.300047 
5.885396 -1.573668 0.300047 
6.450669 -1.598733 0.300047 
7.036840 -1.618448 0.300047 
7.643003 -1.632946 0.300047 
8.268224 -1.642372 0.300047 
8.911540 -1.646872 0.300047 
9.571958 -1.646598 0.300047 
10.248460 -1.641704 0.300047 
10.940004 -1.632342 0.300047 
11.645524 -1.618665 0.300047 
12.363930 -1.600825 0.300047 
13.094117 -1.578976 0.300047 
13.834957 -1.553275 0.300047 
14.585309 -1.523882 0.300047 
15.344017 -1.490965 0.300047 
16.109909 -1.454699 0.300047 
16.881806 -1.415271 0.300047 
17.658517 -1.372881 0.300047 
18.438845 -1.327744 0.300047 
19.221586 -1.280089 0.300047 
20.005534 -1.230163 0.300047 
20.789481 -1.178232 0.300047 
21.572217 -1.124576 0.300047 
22.352536 -1.069493 0.300047 
23.129235 -1.013294 0.300047 
23.901117 -0.956302 0.300047 
24.666991 -0.898848 0.300047 
25.425677 -0.841271 0.300047 
26.176005 -0.783909 0.300047 
26.916819 -0.727100 0.300047 
27.646976 -0.671174 0.300047 
28.365350 -0.616448 0.300047 
29.070835 -0.563225 0.300047 
29.762343 -0.511788 0.300047 
30.438807 -0.462395 0.300047 
31.099185 -0.415276 0.300047 
31.742458 -0.370630 0.300047 
32.367635 -0.328622 0.300047 
32.973751 -0.289383 0.300047 
33.559873 -0.253004 0.300047 
34.125096 -0.219542 0.300047 
34.668549 -0.189014 0.300047 
35.189394 -0.161403 0.300047 
35.686827 -0.136654 0.300047 
36.160082 -0.114682 0.300047 
36.608429 -0.095374 0.300047 
37.031176 -0.078587 0.300047 
37.427671 -0.064161 0.300047 
37.797302 -0.051913 0.300047 
38.139501 -0.041652 0.300047 
38.453737 -0.033175 0.300047 
38.739528 -0.026279 0.300047 
38.996432 -0.020761 0.300047 
39.224053 -0.016425 0.300047 
39.422040 -0.013084 0.300047 
39.590087 -0.010570 0.300047 
39.727934 -0.008732 0.300047 
39.835370 -0.007441 0.300047 
39.912229 -0.006594 0.300047 
39.958392 -0.006116 0.300047 
39.973787 -0.005962 0.300047 
1.241519 -0.000000 1.191071 
1.256738 -0.108927 1.191071 
1.301734 -0.217194 1.191071 
1.376435 -0.324207 1.191071 
1.480725 -0.429387 1.191071 
1.614443 -0.532178 1.191071 
1.777381 -0.632056 1.191071 
1.969287 -0.728534 1.191071 
2.189864 -0.821166 1.191071 
2.438771 -0.909553 1.191071 
2.715623 -0.993344 1.191071 
3.019995 -1.072240 1.191071 
3.351415 -1.145993 1.191071 
3.709372 -1.214408 1.191071 
4.093315 -1.277337 1.191071 
4.502652 -1.334681 1.191071 
4.936750 -1.386385 1.191071 
5.394942 -1.432432 1.191071 
5.876521 -1.472845 1.191071 
6.380744 -1.507672 1.191071 
6.906835 -1.536992 1.191071 
7.453983 -1.560902 1.191071 
8.021345 -1.579518 1.191071 
8.608046 -1.592967 1.191071 
9.213181 -1.601385 1.191071 
9.835820 -1.604913 1.191071 
10.475001 -1.603697 1.191071 
11.129739 -1.597884 1.191071 
11.799027 -1.587620 1.191071 
12.481831 -1.573053 1.191071 
13.177099 -1.554332 1.191071 
13.883760 -1.531607 1.191071 
14.600725 -1.505032 1.191071 
15.326888 -1.474766 1.191071 
16.061130 -1.440973 1.191071 
16.802319 -1.403831 1.191071 
17.549313 -1.363525 1.191071 
18.300960 -1.320256 1.191071 
19.056102 -1.274240 1.191071 
19.813574 -1.225707 1.191071 
20.572210 -1.174909 1.191071 
21.330840 -1.122110 1.191071 
22.088296 -1.067594 1.191071 
22.843408 -1.011659 1.191071 
23.595015 -0.954620 1.191071 
24.341958 -0.896800 1.191071 
25.083085 -0.838533 1.191071 
25.817255 -0.780156 1.191071 
26.543337 -0.722011 1.191071 
27.260211 -0.664434 1.191071 
27.966773 -0.607755 1.191071 
28.661934 -0.552291 1.191071 
29.344623 -0.498345 1.191071 
30.013787 -0.446198 1.191071 
30.668397 -0.396107 1.191071 
31.307441 -0.348303 1.191071 
31.929937 -0.302981 1.191071 
32.534923 -0.260308 1.191071 
33.121468 -0.220413 1.191071 
33.688667 -0.183387 1.191071 
34.235645 -0.149286 1.191071 
34.761559 -0.118128 1.191071 
35.265599 -0.089895 1.191071 
35.746985 -0.064537 1.191071 
36.204976 -0.041967 1.191071 
36.638866 -0.022075 1.191071 
37.047983 -0.004721 1.191071 
37.431699 0.010255 1.191071 
37.789419 0.023030 1.191071 
38.120592 0.033793 1.191071 
38.424706 0.042743 1.191071 
38.701293 0.050081 1.191071 
38.949924 0.056006 1.191071 
39.170216 0.060711 1.191071 
39.361829 0.064377 1.191071 
39.524467 0.067173 1.191071 
39.657878 0.069246 1.191071 
39.761856 0.070722 1.191071 
39.836242 0.071702 1.191071 
39.880919 0.072260 1.191071 
39.895819 0.072441 1.191071 
4.234482 0.000000 2.645998 
4.248652 -0.099630 2.645998 
4.290193 -0.198610 2.645998 
4.359039 -0.296400 2.645998 
4.455084 -0.392473 2.645998 
4.578177 -0.486324 2.645998 
4.728126 -0.577476 2.645998 
4.904700 -0.665486 2.645998 
5.107623 -0.749948 2.645998 
5.336584 -0.830500 2.645998 
5.591227 -0.906822 2.645998 
5.871159 -0.978643 2.645998 
6.175948 -1.045738 2.645998 
6.505124 -1.107927 2.645998 
6.858179 -1.165077 2.645998 
7.234569 -1.217096 2.645998 
7.633712 -1.263935 2.645998 
8.054995 -1.305576 2.645998 
8.497768 -1.342039 2.645998 
8.961349 -1.373367 2.645998 
9.445023 -1.399629 2.645998 
9.948045 -1.420912 2.645998 
10.469640 -1.437318 2.645998 
11.009005 -1.448962 2.645998 
11.565309 -1.455964 2.645998 
12.137695 -1.458452 2.645998 
12.725279 -1.456556 2.645998 
13.327159 -1.450405 2.645998 
13.942404 -1.440134 2.645998 
14.570069 -1.425876 2.645998 
15.209184 -1.407763 2.645998 
15.858767 -1.385934 2.645998 
16.517814 -1.360528 2.645998 
17.185311 -1.331691 2.645998 
17.860229 -1.299576 2.645998 
18.541527 -1.264345 2.645998 
19.228156 -1.226172 2.645998 
19.919058 -1.185242 2.645998 
20.613168 -1.141757 2.645998 
21.309416 -1.095935 2.645998 
22.006730 -1.048007 2.645998 
22.704034 -0.998222 2.645998 
23.400256 -0.946847 2.645998 
24.094323 -0.894160 2.645998 
24.785164 -0.840455 2.645998 
25.471716 -0.786034 2.645998 
26.152922 -0.731209 2.645998 
26.827732 -0.676295 2.645998 
27.495106 -0.621610 2.645998 
28.154018 -0.567467 2.645998 
28.803451 -0.514173 2.645998 
29.442406 -0.462024 2.645998 
30.069898 -0.411300 2.645998 
30.684960 -0.362262 2.645998 
31.286645 -0.315149 2.645998 
31.874026 -0.270174 2.645998 
32.446198 -0.227518 2.645998 
33.002279 -0.187335 2.645998 
33.541411 -0.149743 2.645998 
34.062764 -0.114828 2.645998 
34.565533 -0.082641 2.645998 
35.048943 -0.053198 2.645998 
35.512249 -0.026482 2.645998 
35.954736 -0.002447 2.645998 
36.375720 0.018986 2.645998 
36.774553 0.037919 2.645998 
37.150618 0.054481 2.645998 
37.503334 0.068818 2.645998 
37.832158 0.081093 2.645998 
38.136581 0.091481 2.645998 
38.416132 0.100162 2.645998 
38.670380 0.107320 2.645998 
38.898932 0.113139 2.645998 
39.101434 0.117795 2.645998 
39.277574 0.121455 2.645998 
39.427079 0.124271 2.645998 
39.549717 0.126379 2.645998 
39.645300 0.127894 2.645998 
39.713680 0.128908 2.645998 
39.754750 0.129489 2.645998 
39.768447 0.129678 2.645998 
7.394541 0.000000 4.620622 
7.407329 -0.085397 4.620622 
7.444922 -0.170238 4.620622 
7.507260 -0.254057 4.620622 
7.594245 -0.336402 4.620622 
7.705744 -0.416836 4.620622 
7.841581 -0.494950 4.620622 
8.001547 -0.570361 4.620622 
8.185394 -0.642723 4.620622 
8.392837 -0.711722 4.620622 
8.623557 -0.777086 4.620622 
8.877196 -0.838581 4.620622 
9.153363 -0.896016 4.620622 
9.451633 -0.949238 4.620622 
9.771544 -0.998135 4.620622 
10.112604 -1.042629 4.620622 
10.474287 -1.082678 4.620622 
10.856035 -1.118273 4.620622 
11.257261 -1.149430 4.620622 
11.677345 -1.176190 4.620622 
12.115641 -1.198613 4.620622 
12.571473 -1.216777 4.620622 
13.044139 -1.230771 4.620622 
13.532911 -1.240694 4.620622 
14.037035 -1.246652 4.620622 
14.555735 -1.248755 4.620622 
15.088211 -1.247115 4.620622 
15.633644 -1.241844 4.620622 
16.191191 -1.233057 4.620622 
16.759994 -1.220866 4.620622 
17.339177 -1.205388 4.620622 
17.927847 -1.186737 4.620622 
18.525096 -1.165034 4.620622 
19.130004 -1.140401 4.620622 
19.741638 -1.112970 4.620622 
20.359057 -1.082876 4.620622 
20.981308 -1.050268 4.620622 
21.607432 -1.015305 4.620622 
22.236465 -0.978157 4.620622 
22.867437 -0.939010 4.620622 
23.499375 -0.898062 4.620622 
24.131307 -0.855526 4.620622 
24.762258 -0.811628 4.620622 
25.391256 -0.766609 4.620622 
26.017333 -0.720719 4.620622 
26.639523 -0.674217 4.620622 
27.256868 -0.627371 4.620622 
27.868417 -0.580451 4.620622 
28.473228 -0.533730 4.620622 
29.070369 -0.487476 4.620622 
29.658921 -0.441953 4.620622 
30.237976 -0.397414 4.620622 
30.806643 -0.354099 4.620622 
31.364046 -0.312233 4.620622 
31.909325 -0.272018 4.620622 
32.441640 -0.233637 4.620622 
32.960171 -0.197246 4.620622 
33.464119 -0.162974 4.620622 
33.952706 -0.130923 4.620622 
34.425180 -0.101165 4.620622 
34.880813 -0.073741 4.620622 
35.318900 -0.048666 4.620622 
35.738768 -0.025923 4.620622 
36.139767 -0.005472 4.620622 
36.521279 0.012756 4.620622 
36.882716 0.028850 4.620622 
37.223519 0.042919 4.620622 
37.543162 0.055092 4.620622 
37.841153 0.065507 4.620622 
38.117029 0.074313 4.620622 
38.370367 0.081668 4.620622 
38.600773 0.087727 4.620622 
38.807892 0.092648 4.620622 
38.991405 0.096582 4.620622 
39.151026 0.099670 4.620622 
39.286511 0.102044 4.620622 
39.397648 0.103819 4.620622 
39.484267 0.105093 4.620622 
39.546234 0.105945 4.620622 
39.583452 0.106433 4.620622 
39.595865 0.106592 4.620622 
11.264229 0.000000 7.054945 
11.275077 -0.065224 7.054945 
11.307587 -0.130098 7.054945 
11.361710 -0.194256 7.054945 
11.437360 -0.257345 7.054945 
11.534422 -0.319026 7.054945 
11.652746 -0.378977 7.054945 
11.792149 -0.436902 7.054945 
11.952417 -0.492530 7.054945 
12.133302 -0.545618 7.054945 
12.334526 -0.595957 7.054945 
12.555777 -0.643365 7.054945 
12.796716 -0.687697 7.054945 
13.056970 -0.728836 7.054945 
13.336138 -0.766698 7.054945 
13.633790 -0.801228 7.054945 
13.949466 -0.832399 7.054945 
14.282681 -0.860207 7.054945 
14.632919 -0.884670 7.054945 
14.999642 -0.905827 7.054945 
15.382284 -0.923729 7.054945 
15.780254 -0.938442 7.054945 
16.192939 -0.950042 7.054945 
16.619703 -0.958611 7.054945 
17.059888 -0.964234 7.054945 
17.512815 -0.967000 7.054945 
17.977786 -0.967001 7.054945 
18.454083 -0.964325 7.054945 
18.940972 -0.959062 7.054945 
19.437704 -0.951301 7.054945 
19.943510 -0.941128 7.054945 
20.457613 -0.928631 7.054945 
20.979219 -0.913900 7.054945 
21.507523 -0.897026 7.054945 
22.041712 -0.878104 7.054945 
22.580961 -0.857232 7.054945 
23.124439 -0.834519 7.054945 
23.671308 -0.810077 7.054945 
24.220725 -0.784030 7.054945 
24.771843 -0.756511 7.054945 
25.323811 -0.727663 7.054945 
25.875780 -0.697641 7.054945 
26.426897 -0.666608 7.054945 
26.976313 -0.634739 7.054945 
27.523182 -0.602217 7.054945 
28.066658 -0.569231 7.054945 
28.605906 -0.535977 7.054945 
29.140092 -0.502655 7.054945 
29.668394 -0.469464 7.054945 
30.189998 -0.436603 7.054945 
30.704097 -0.404267 7.054945 
31.209901 -0.372642 7.054945 
31.706629 -0.341906 7.054945 
32.193515 -0.312226 7.054945 
32.669809 -0.283750 7.054945 
33.134776 -0.256614 7.054945 
33.587699 -0.230932 7.054945 
34.027879 -0.206800 7.054945 
34.454639 -0.184291 7.054945 
34.867320 -0.163456 7.054945 
35.265285 -0.144325 7.054945 
35.647922 -0.126905 7.054945 
36.014640 -0.111183 7.054945 
36.364873 -0.097124 7.054945 
36.698082 -0.084675 7.054945 
37.013753 -0.073766 7.054945 
37.311398 -0.064312 7.054945 
37.590560 -0.056216 7.054945 
37.850807 -0.049371 7.054945 
38.091739 -0.043662 7.054945 
38.312983 -0.038971 7.054945 
38.514199 -0.035177 7.054945 
38.695077 -0.032162 7.054945 
38.855336 -0.029811 7.054945 
38.994732 -0.028016 7.054945 
39.113047 -0.026679 7.054945 
39.210100 -0.025711 7.054945 
39.285742 -0.025038 7.054945 
39.333463 -0.024602 7.044638 
39.356867 -0.024357 7.030089 
39.364651 -0.024279 7.025235 
14.673577 -0.000000 9.875000 
14.679859 -0.031568 9.875000 
14.699264 -0.063080 9.875000 
14.731763 -0.094351 9.875000 
14.777308 -0.125203 9.875000 
14.835828 -0.155464 9.875000 
14.907236 -0.184974 9.875000 
14.991422 -0.213583 9.875000 
15.088256 -0.241153 9.875000 
15.197591 -0.267566 9.875000 
15.319259 -0.292713 9.875000 
15.453071 -0.316508 9.875000 
15.598822 -0.338877 9.875000 
15.756289 -0.359764 9.875000 
15.925227 -0.379129 9.875000 
16.105376 -0.396949 9.875000 
16.296459 -0.413211 9.875000 
16.498180 -0.427917 9.875000 
16.710228 -0.441081 9.875000 
16.932276 -0.452726 9.875000 
17.163981 -0.462881 9.875000 
17.404986 -0.471584 9.875000 
17.654918 -0.478876 9.875000 
17.913390 -0.484801 9.875000 
18.180005 -0.489406 9.875000 
18.454351 -0.492737 9.875000 
18.736004 -0.494841 9.875000 
19.024529 -0.495764 9.875000 
19.319482 -0.495551 9.875000 
19.620406 -0.494244 9.875000 
19.926838 -0.491885 9.875000 
20.238304 -0.488515 9.875000 
20.554325 -0.484173 9.875000 
20.874413 -0.478900 9.875000 
21.198073 -0.472736 9.875000 
21.524806 -0.465723 9.875000 
21.854109 -0.457905 9.875000 
22.185473 -0.449328 9.875000 
22.518387 -0.440045 9.875000 
22.852338 -0.430109 9.875000 
23.186809 -0.419580 9.875000 
23.521285 -0.408522 9.875000 
23.855249 -0.397004 9.875000 
24.188187 -0.385099 9.875000 
24.519584 -0.372886 9.875000 
24.848928 -0.360446 9.875000 
25.175712 -0.347864 9.875000 
25.499431 -0.335226 9.875000 
25.819584 -0.322620 9.875000 
26.135678 -0.310132 9.875000 
26.447225 -0.297848 9.875000 
26.753744 -0.285850 9.875000 
27.054761 -0.274218 9.875000 
27.349813 -0.263024 9.875000 
27.638443 -0.252334 9.875000 
27.920206 -0.242207 9.875000 
28.194667 -0.232695 9.875000 
28.461404 -0.223836 9.875000 
28.720003 -0.215663 9.875000 
28.970068 -0.208196 9.875000 
29.211212 -0.201446 9.875000 
29.443063 -0.195413 9.875000 
29.665264 -0.190087 9.875000 
29.877473 -0.185450 9.875000 
30.079362 -0.181472 9.875000 
30.270622 -0.178120 9.875000 
30.450956 -0.175349 9.875000 
30.620089 -0.173113 9.875000 
30.777759 -0.171357 9.875000 
30.923724 -0.170026 9.875000 
31.057760 -0.169063 9.875000 
31.179659 -0.168409 9.875000 
31.289236 -0.168006 9.875000 
31.386321 -0.167799 9.875000 
31.470765 -0.167736 9.875000 
31.542438 -0.167770 9.875000 
31.601231 -0.167858 9.875000 
31.647052 -0.167966 9.875000 
31.679833 -0.168063 9.875000 
31.699521 -0.168130 9.875000 
31.706087 -0.168154 9.875000 
17.742830 0.000000 12.995102 
17.746001 -0.012237 12.995102 
17.756068 -0.024561 12.995102 
17.773016 -0.036897 12.995102 
17.796822 -0.049170 12.995102 
17.827448 -0.061312 12.995102 
17.864849 -0.073255 12.995102 
17.908969 -0.084938 12.995102 
17.959740 -0.096306 12.995102 
18.017084 -0.107308 12.995102 
18.080914 -0.117901 12.995102 
18.151133 -0.128050 12.995102 
18.227630 -0.137724 12.995102 
18.310291 -0.146901 12.995102 
18.398985 -0.155565 12.995102 
18.493578 -0.163707 12.995102 
18.593922 -0.171323 12.995102 
18.699863 -0.178413 12.995102 
18.811237 -0.184985 12.995102 
18.927872 -0.191049 12.995102 
19.049588 -0.196617 12.995102 
19.176195 -0.201706 12.995102 
19.307499 -0.206332 12.995102 
19.443297 -0.210515 12.995102 
19.583378 -0.214272 12.995102 
19.727525 -0.217624 12.995102 
19.875517 -0.220588 12.995102 
20.027124 -0.223181 12.995102 
20.182112 -0.225421 12.995102 
20.340242 -0.227322 12.995102 
20.501269 -0.228900 12.995102 
20.664946 -0.230166 12.995102 
20.831018 -0.231133 12.995102 
20.999230 -0.231812 12.995102 
21.169322 -0.232215 12.995102 
21.341032 -0.232352 12.995102 
21.514094 -0.232235 12.995102 
21.688242 -0.231875 12.995102 
21.863206 -0.231287 12.995102 
22.038717 -0.230483 12.995102 
22.214504 -0.229479 12.995102 
22.390295 -0.228293 12.995102 
22.565818 -0.226944 12.995102 
22.740803 -0.225452 12.995102 
22.914980 -0.223840 12.995102 
23.088078 -0.222132 12.995102 
23.259832 -0.220352 12.995102 
23.429975 -0.218528 12.995102 
23.598245 -0.216685 12.995102 
23.764382 -0.214851 12.995102 
23.928128 -0.213052 12.995102 
24.089231 -0.211314 12.995102 
24.247443 -0.209661 12.995102 
24.402518 -0.208116 12.995102 
24.554216 -0.206700 12.995102 
24.702305 -0.205430 12.995102 
24.846555 -0.204321 12.995102 
24.986743 -0.203385 12.995102 
25.122654 -0.202629 12.995102 
25.254077 -0.202059 12.995102 
25.380810 -0.201675 12.995102 
25.502658 -0.201474 12.995102 
25.619432 -0.201449 12.995102 
25.730954 -0.201591 12.995102 
25.837050 -0.201887 12.995102 
25.937559 -0.202321 12.995102 
26.032326 -0.202874 12.995102 
26.121204 -0.203526 12.995102 
26.204058 -0.204256 12.995102 
26.280759 -0.205041 12.995102 
26.351191 -0.205857 12.995102 
26.415245 -0.206681 12.995102 
26.472823 -0.207491 12.995102 
26.523837 -0.208263 12.995102 
26.568208 -0.208979 12.995102 
26.605868 -0.209618 12.995102 
26.636760 -0.210165 12.995102 
26.660837 -0.210605 12.995102 
26.678060 -0.210928 12.995102 
26.688405 -0.211125 12.995102 
26.691855 -0.211191 12.995102 
19.820737 -0.000000 16.320448 
19.823593 -0.007934 16.320448 
19.832786 -0.016074 16.320448 
19.848304 -0.024369 16.320448 
19.870123 -0.032767 16.320448 
19.898212 -0.041220 16.320448 
19.932529 -0.049682 16.320448 
19.973022 -0.058110 16.320448 
20.019630 -0.066466 16.320448 
20.072281 -0.074714 16.320448 
20.130895 -0.082823 16.320448 
20.195382 -0.090769 16.320448 
20.265644 -0.098529 16.320448 
20.341572 -0.106088 16.320448 
20.423049 -0.113434 16.320448 
20.509949 -0.120558 16.320448 
20.602138 -0.127458 16.320448 
20.699473 -0.134133 16.320448 
20.801804 -0.140587 16.320448 
20.908973 -0.146825 16.320448 
21.020812 -0.152854 16.320448 
21.137150 -0.158685 16.320448 
21.257806 -0.164327 16.320448 
21.382593 -0.169792 16.320448 
21.511319 -0.175089 16.320448 
21.643782 -0.180230 16.320448 
21.779780 -0.185224 16.320448 
21.919101 -0.190080 16.320448 
22.061531 -0.194806 16.320448 
22.206848 -0.199408 16.320448 
22.354828 -0.203892 16.320448 
22.505243 -0.208262 16.320448 
22.657860 -0.212519 16.320448 
22.812445 -0.216668 16.320448 
22.968757 -0.220707 16.320448 
23.126555 -0.224639 16.320448 
23.285597 -0.228463 16.320448 
23.445637 -0.232180 16.320448 
23.606427 -0.235791 16.320448 
23.767720 -0.239296 16.320448 
23.929266 -0.242698 16.320448 
24.090817 -0.245999 16.320448 
24.252122 -0.249204 16.320448 
24.412932 -0.252316 16.320448 
24.572999 -0.255343 16.320448 
24.732077 -0.258290 16.320448 
24.889918 -0.261167 16.320448 
25.046279 -0.263981 16.320448 
25.200919 -0.266741 16.320448 
25.353598 -0.269458 16.320448 
25.504081 -0.272141 16.320448 
25.652135 -0.274799 16.320448 
25.797530 -0.277441 16.320448 
25.940044 -0.280076 16.320448 
26.079454 -0.282709 16.320448 
26.215547 -0.285347 16.320448 
26.348111 -0.287993 16.320448 
26.476942 -0.290649 16.320448 
26.601842 -0.293317 16.320448 
26.722617 -0.295992 16.320448 
26.839081 -0.298673 16.320448 
26.951055 -0.301352 16.320448 
27.058367 -0.304021 16.320448 
27.160851 -0.306671 16.320448 
27.258349 -0.309290 16.320448 
27.350712 -0.311864 16.320448 
27.437797 -0.314379 16.320448 
27.519471 -0.316819 16.320448 
27.595608 -0.319168 16.320448 
27.666092 -0.321409 16.320448 
27.730814 -0.323526 16.320448 
27.789674 -0.325500 16.320448 
27.842584 -0.327317 16.320448 
27.889461 -0.328961 16.320448 
27.930234 -0.330417 16.320448 
27.964840 -0.331672 16.320448 
27.993227 -0.332716 16.320448 
28.015351 -0.333538 16.320448 
28.031178 -0.334130 16.320448 
28.040683 -0.334488 16.320448 
28.043854 -0.334608 16.320448 
21.963758 -0.000000 19.750000 
21.966349 -0.005130 19.750000 
21.974699 -0.010563 19.750000 
21.988797 -0.016265 19.750000 
22.008621 -0.022200 19.750000 
22.034144 -0.028336 19.750000 
22.065327 -0.034640 19.750000 
22.102124 -0.041083 19.750000 
22.144477 -0.047636 19.750000 
22.192324 -0.054276 19.750000 
22.245591 -0.060979 19.750000 
22.304196 -0.067726 19.750000 
22.368050 -0.074503 19.750000 
22.437054 -0.081295 19.750000 
22.511101 -0.088093 19.750000 
22.590077 -0.094889 19.750000 
22.673861 -0.101678 19.750000 
22.762322 -0.108459 19.750000 
22.855324 -0.115231 19.750000 
22.952722 -0.121994 19.750000 
23.054365 -0.128752 19.750000 
23.160097 -0.135507 19.750000 
23.269752 -0.142263 19.750000 
23.383162 -0.149025 19.750000 
23.500150 -0.155795 19.750000 
23.620536 -0.162576 19.750000 
23.744132 -0.169373 19.750000 
23.870749 -0.176184 19.750000 
24.000189 -0.183013 19.750000 
24.132252 -0.189857 19.750000 
24.266735 -0.196714 19.750000 
24.403430 -0.203582 19.750000 
24.542125 -0.210457 19.750000 
24.682607 -0.217333 19.750000 
24.824658 -0.224205 19.750000 
24.968060 -0.231066 19.750000 
25.112590 -0.237909 19.750000 
25.258026 -0.244726 19.750000 
25.404143 -0.251510 19.750000 
25.550717 -0.258254 19.750000 
25.697520 -0.264951 19.750000 
25.844326 -0.271595 19.750000 
25.990909 -0.278179 19.750000 
26.137042 -0.284699 19.750000 
26.282499 -0.291149 19.750000 
26.427057 -0.297526 19.750000 
26.570491 -0.303826 19.750000 
26.712580 -0.310047 19.750000 
26.853105 -0.316188 19.750000 
26.991848 -0.322245 19.750000 
27.128595 -0.328218 19.750000 
27.263135 -0.334105 19.750000 
27.395259 -0.339905 19.750000 
27.524764 -0.345616 19.750000 
27.651450 -0.351235 19.750000 
27.775121 -0.356760 19.750000 
27.895586 -0.362187 19.750000 
28.012658 -0.367512 19.750000 
28.126158 -0.372728 19.750000 
28.235911 -0.377830 19.750000 
28.341746 -0.382809 19.750000 
28.443501 -0.387657 19.750000 
28.541019 -0.392365 19.750000 
28.634150 -0.396921 19.750000 
28.722750 -0.401314 19.750000 
28.806684 -0.405531 19.750000 
28.885822 -0.409561 19.750000 
28.960043 -0.413390 19.750000 
29.029232 -0.417003 19.750000 
29.093284 -0.420389 19.750000 
29.152099 -0.423533 19.750000 
29.205589 -0.426422 19.750000 
29.253670 -0.429045 19.750000 
29.296270 -0.431389 19.750000 
29.333322 -0.433444 19.750000 
29.364771 -0.435200 19.750000 
29.390568 -0.436649 19.750000 
29.410673 -0.437783 19.750000 
29.425055 -0.438597 19.750000 
29.433694 -0.439087 19.750000 
29.436575 -0.439251 19.750000 
24.106780 -0.000000 23.179552 
24.109124 -0.003502 23.179552 
24.116649 -0.007368 23.179552 
24.129345 -0.011574 23.179552 
24.147193 -0.016094 23.179552 
24.170167 -0.020904 23.179552 
24.198233 -0.025982 23.179552 
24.231348 -0.031305 23.179552 
24.269463 -0.036852 23.179552 
24.312520 -0.042606 23.179552 
24.360452 -0.048548 23.179552 
24.413186 -0.054663 23.179552 
24.470642 -0.060939 23.179552 
24.532730 -0.067364 23.179552 
24.599355 -0.073928 23.179552 
24.670415 -0.080625 23.179552 
24.745798 -0.087447 23.179552 
24.825389 -0.094392 23.179552 
24.909064 -0.101455 23.179552 
24.996694 -0.108635 23.179552 
25.088142 -0.115929 23.179552 
25.183267 -0.123337 23.179552 
25.281921 -0.130857 23.179552 
25.383953 -0.138490 23.179552 
25.489202 -0.146232 23.179552 
25.597507 -0.154083 23.179552 
25.708700 -0.162039 23.179552 
25.822608 -0.170098 23.179552 
25.939056 -0.178255 23.179552 
26.057863 -0.186505 23.179552 
26.178845 -0.194840 23.179552 
26.301816 -0.203254 23.179552 
26.426586 -0.211738 23.179552 
26.552962 -0.220283 23.179552 
26.680749 -0.228879 23.179552 
26.809749 -0.237515 23.179552 
26.939765 -0.246179 23.179552 
27.070594 -0.254861 23.179552 
27.202035 -0.263548 23.179552 
27.333886 -0.272228 23.179552 
27.465943 -0.280890 23.179552 
27.598002 -0.289522 23.179552 
27.729859 -0.298113 23.179552 
27.861312 -0.306652 23.179552 
27.992156 -0.315129 23.179552 
28.122191 -0.323535 23.179552 
28.251215 -0.331859 23.179552 
28.379029 -0.340093 23.179552 
28.505435 -0.348229 23.179552 
28.630239 -0.356259 23.179552 
28.753247 -0.364175 23.179552 
28.874270 -0.371970 23.179552 
28.993120 -0.379636 23.179552 
29.109615 -0.387166 23.179552 
29.223573 -0.394552 23.179552 
29.334820 -0.401787 23.179552 
29.443183 -0.408863 23.179552 
29.548495 -0.415770 23.179552 
29.650593 -0.422501 23.179552 
29.749321 -0.429046 23.179552 
29.844525 -0.435395 23.179552 
29.936059 -0.441537 23.179552 
30.023783 -0.447463 23.179552 
30.107560 -0.453160 23.179552 
30.187262 -0.458617 23.179552 
30.262766 -0.463823 23.179552 
30.333956 -0.468765 23.179552 
30.400723 -0.473431 23.179552 
30.462965 -0.477809 23.179552 
30.520584 -0.481888 23.179552 
30.573494 -0.485656 23.179552 
30.621613 -0.489102 23.179552 
30.664866 -0.492216 23.179552 
30.703188 -0.494988 23.179552 
30.736521 -0.497409 23.179552 
30.764812 -0.499471 23.179552 
30.788018 -0.501169 23.179552 
30.806105 -0.502495 23.179552 
30.819044 -0.503445 23.179552 
30.826815 -0.504017 23.179552 
30.829406 -0.504208 23.179552 
26.184687 -0.000000 26.504898 
26.186788 -0.002638 26.504898 
26.193511 -0.005658 26.504898 
26.204847 -0.009042 26.504898 
26.220779 -0.012769 26.504898 
26.241284 -0.016821 26.504898 
26.266332 -0.021180 26.504898 
26.295884 -0.025829 26.504898 
26.329896 -0.030750 26.504898 
26.368317 -0.035928 26.504898 
26.411087 -0.041350 26.504898 
26.458140 -0.047001 26.504898 
26.509406 -0.052871 26.504898 
26.564804 -0.058950 26.504898 
26.624250 -0.065228 26.504898 
26.687650 -0.071698 26.504898 
26.754908 -0.078355 26.504898 
26.825920 -0.085191 26.504898 
26.900574 -0.092203 26.504898 
26.978756 -0.099386 26.504898 
27.060344 -0.106738 26.504898 
27.145212 -0.114253 26.504898 
27.233228 -0.121930 26.504898 
27.324256 -0.129765 26.504898 
27.418155 -0.137754 26.504898 
27.514779 -0.145891 26.504898 
27.613979 -0.154173 26.504898 
27.715600 -0.162593 26.504898 
27.819487 -0.171145 26.504898 
27.925478 -0.179821 26.504898 
28.033408 -0.188613 26.504898 
28.143113 -0.197510 26.504898 
28.254422 -0.206504 26.504898 
28.367162 -0.215582 26.504898 
28.481161 -0.224734 26.504898 
28.596243 -0.233946 26.504898 
28.712228 -0.243207 26.504898 
28.828940 -0.252502 26.504898 
28.946197 -0.261818 26.504898 
29.063819 -0.271143 26.504898 
29.181625 -0.280461 26.504898 
29.299432 -0.289761 26.504898 
29.417059 -0.299028 26.504898 
29.534325 -0.308251 26.504898 
29.651047 -0.317416 26.504898 
29.767048 -0.326512 26.504898 
29.882146 -0.335526 26.504898 
29.996165 -0.344448 26.504898 
30.108928 -0.353266 26.504898 
30.220261 -0.361971 26.504898 
30.329993 -0.370551 26.504898 
30.437954 -0.378998 26.504898 
30.543977 -0.387300 26.504898 
30.647899 -0.395449 26.504898 
30.749558 -0.403434 26.504898 
30.848798 -0.411247 26.504898 
30.945466 -0.418877 26.504898 
31.039412 -0.426313 26.504898 
31.130492 -0.433547 26.504898 
31.218565 -0.440568 26.504898 
31.303495 -0.447364 26.504898 
31.385152 -0.453926 26.504898 
31.463409 -0.460242 26.504898 
31.538145 -0.466302 26.504898 
31.609247 -0.472093 26.504898 
31.676604 -0.477604 26.504898 
31.740113 -0.482825 26.504898 
31.799676 -0.487743 26.504898 
31.855201 -0.492349 26.504898 
31.906604 -0.496631 26.504898 
31.953805 -0.500579 26.504898 
31.996732 -0.504184 26.504898 
32.035319 -0.507436 26.504898 
32.069507 -0.510326 26.504898 
32.099243 -0.512847 26.504898 
32.124482 -0.514993 26.504898 
32.145185 -0.516757 26.504898 
32.161320 -0.518134 26.504898 
32.172863 -0.519120 26.504898 
32.179796 -0.519713 26.504898 
32.182108 -0.519911 26.504898 
28.134343 -0.000000 29.625000 
28.136206 -0.002241 29.625000 
28.142168 -0.004844 29.625000 
28.152223 -0.007793 29.625000 
28.166355 -0.011070 29.625000 
28.184544 -0.014660 29.625000 
28.206762 -0.018547 29.625000 
28.232977 -0.022716 29.625000 
28.263149 -0.027152 29.625000 
28.297231 -0.031842 29.625000 
28.335172 -0.036773 29.625000 
28.376914 -0.041934 29.625000 
28.422392 -0.047315 29.625000 
28.471536 -0.052905 29.625000 
28.524271 -0.058698 29.625000 
28.580514 -0.064686 29.625000 
28.640180 -0.070863 29.625000 
28.703176 -0.077223 29.625000 
28.769403 -0.083761 29.625000 
28.838760 -0.090474 29.625000 
28.911138 -0.097358 29.625000 
28.986427 -0.104408 29.625000 
29.064508 -0.111622 29.625000 
29.145261 -0.118994 29.625000 
29.228561 -0.126521 29.625000 
29.314278 -0.134198 29.625000 
29.402280 -0.142019 29.625000 
29.492431 -0.149979 29.625000 
29.584590 -0.158070 29.625000 
29.678617 -0.166285 29.625000 
29.774364 -0.174616 29.625000 
29.871685 -0.183053 29.625000 
29.970428 -0.191586 29.625000 
30.070442 -0.200205 29.625000 
30.171572 -0.208898 29.625000 
30.273662 -0.217653 29.625000 
30.376555 -0.226458 29.625000 
30.480090 -0.235300 29.625000 
30.584110 -0.244167 29.625000 
30.688454 -0.253045 29.625000 
30.792960 -0.261920 29.625000 
30.897467 -0.270781 29.625000 
31.001815 -0.279615 29.625000 
31.105841 -0.288408 29.625000 
31.209387 -0.297149 29.625000 
31.312291 -0.305825 29.625000 
31.414395 -0.314426 29.625000 
31.515541 -0.322939 29.625000 
31.615574 -0.331355 29.625000 
31.714338 -0.339662 29.625000 
31.811682 -0.347851 29.625000 
31.907454 -0.355911 29.625000 
32.001507 -0.363832 29.625000 
32.093696 -0.371606 29.625000 
32.183879 -0.379221 29.625000 
32.271915 -0.386670 29.625000 
32.357669 -0.393941 29.625000 
32.441010 -0.401025 29.625000 
32.521807 -0.407914 29.625000 
32.599937 -0.414595 29.625000 
32.675279 -0.421061 29.625000 
32.747717 -0.427299 29.625000 
32.817139 -0.433301 29.625000 
32.883439 -0.439055 29.625000 
32.946513 -0.444551 29.625000 
33.006266 -0.449779 29.625000 
33.062605 -0.454728 29.625000 
33.115444 -0.459388 29.625000 
33.164701 -0.463750 29.625000 
33.210301 -0.467803 29.625000 
33.252173 -0.471538 29.625000 
33.290254 -0.474947 29.625000 
33.324485 -0.478021 29.625000 
33.354813 -0.480752 29.625000 
33.381192 -0.483133 29.625000 
33.403582 -0.485159 29.625000 
33.421947 -0.486825 29.625000 
33.436261 -0.488124 29.625000 
33.446501 -0.489055 29.625000 
33.452651 -0.489615 29.625000 
33.454702 -0.489802 29.625000 
29.896509 -0.000000 32.445055 
29.898146 -0.002150 32.445055 
29.903414 -0.004615 32.445055 
29.912305 -0.007378 32.445055 
29.924808 -0.010424 32.445055 
29.940904 -0.013738 32.445055 
29.960568 -0.017305 32.445055 
29.983773 -0.021110 32.445055 
30.010481 -0.025140 32.445055 
30.040654 -0.029382 32.445055 
30.074244 -0.033825 32.445055 
30.111201 -0.038457 32.445055 
30.151467 -0.043270 32.445055 
30.194980 -0.048255 32.445055 
30.241674 -0.053405 32.445055 
30.291477 -0.058713 32.445055 
30.344310 -0.064174 32.445055 
30.400093 -0.069784 32.445055 
30.458739 -0.075539 32.445055 
30.520157 -0.081436 32.445055 
30.584251 -0.087471 32.445055 
30.650923 -0.093641 32.445055 
30.720069 -0.099945 32.445055 
30.791581 -0.106378 32.445055 
30.865350 -0.112939 32.445055 
30.941259 -0.119623 32.445055 
31.019193 -0.126425 32.445055 
31.099030 -0.133343 32.445055 
31.180646 -0.140369 32.445055 
31.263916 -0.147499 32.445055 
31.348710 -0.154724 32.445055 
31.434897 -0.162038 32.445055 
31.522345 -0.169432 32.445055 
31.610919 -0.176897 32.445055 
31.700481 -0.184423 32.445055 
31.790893 -0.192001 32.445055 
31.882016 -0.199620 32.445055 
31.973709 -0.207268 32.445055 
32.065830 -0.214936 32.445055 
32.158239 -0.222611 32.445055 
32.250791 -0.230283 32.445055 
32.343345 -0.237941 32.445055 
32.435758 -0.245573 32.445055 
32.527886 -0.253169 32.445055 
32.619588 -0.260718 32.445055 
32.710722 -0.268211 32.445055 
32.801148 -0.275637 32.445055 
32.890726 -0.282987 32.445055 
32.979317 -0.290252 32.445055 
33.066785 -0.297424 32.445055 
33.152995 -0.304493 32.445055 
33.237814 -0.311451 32.445055 
33.321109 -0.318291 32.445055 
33.402754 -0.325003 32.445055 
33.482622 -0.331580 32.445055 
33.560589 -0.338014 32.445055 
33.636535 -0.344297 32.445055 
33.710342 -0.350420 32.445055 
33.781898 -0.356376 32.445055 
33.851091 -0.362155 32.445055 
33.917815 -0.367749 32.445055 
33.981967 -0.373150 32.445055 
34.043448 -0.378348 32.445055 
34.102164 -0.383333 32.445055 
34.158023 -0.388098 32.445055 
34.210940 -0.392633 32.445055 
34.260834 -0.396927 32.445055 
34.307628 -0.400974 32.445055 
34.351250 -0.404762 32.445055 
34.391633 -0.408285 32.445055 
34.428715 -0.411532 32.445055 
34.462439 -0.414497 32.445055 
34.492753 -0.417172 32.445055 
34.519611 -0.419549 32.445055 
34.542972 -0.421623 32.445055 
34.562800 -0.423388 32.445055 
34.579064 -0.424839 32.445055 
34.591740 -0.425971 32.445055 
34.600808 -0.426783 32.445055 
34.606255 -0.427270 32.445055 
34.608071 -0.427433 32.445055 
31.417643 -0.000000 34.879378 
31.419077 -0.002291 34.879378 
31.423739 -0.004837 34.879378 
31.431623 -0.007621 34.879378 
31.442716 -0.010627 34.879378 
31.457004 -0.013838 34.879378 
31.474465 -0.017240 34.879378 
31.495073 -0.020818 34.879378 
31.518797 -0.024558 34.879378 
31.545600 -0.028447 34.879378 
31.575442 -0.032475 34.879378 
31.608278 -0.036630 34.879378 
31.644056 -0.040904 34.879378 
31.682722 -0.045289 34.879378 
31.724216 -0.049779 34.879378 
31.768474 -0.054368 34.879378 
31.815428 -0.059052 34.879378 
31.865004 -0.063828 34.879378 
31.917126 -0.068693 34.879378 
31.971713 -0.073646 34.879378 
32.028681 -0.078685 34.879378 
32.087940 -0.083809 34.879378 
32.149400 -0.089017 34.879378 
32.212964 -0.094309 34.879378 
32.278534 -0.099683 34.879378 
32.346009 -0.105138 34.879378 
32.415283 -0.110671 34.879378 
32.486250 -0.116281 34.879378 
32.558800 -0.121964 34.879378 
32.632819 -0.127717 34.879378 
32.708195 -0.133535 34.879378 
32.784810 -0.139412 34.879378 
32.862545 -0.145343 34.879378 
32.941282 -0.151322 34.879378 
33.020897 -0.157342 34.879378 
33.101269 -0.163394 34.879378 
33.182273 -0.169471 34.879378 
33.263784 -0.175565 34.879378 
33.345677 -0.181667 34.879378 
33.427825 -0.187769 34.879378 
33.510101 -0.193862 34.879378 
33.592379 -0.199938 34.879378 
33.674531 -0.205989 34.879378 
33.756431 -0.212007 34.879378 
33.837952 -0.217983 34.879378 
33.918969 -0.223911 34.879378 
33.999356 -0.229784 34.879378 
34.078989 -0.235594 34.879378 
34.157745 -0.241336 34.879378 
34.235503 -0.247003 34.879378 
34.312142 -0.252589 34.879378 
34.387544 -0.258089 34.879378 
34.461592 -0.263496 34.879378 
34.534173 -0.268806 34.879378 
34.605174 -0.274012 34.879378 
34.674484 -0.279109 34.879378 
34.741998 -0.284092 34.879378 
34.807611 -0.288953 34.879378 
34.871222 -0.293687 34.879378 
34.932733 -0.298288 34.879378 
34.992048 -0.302747 34.879378 
35.049076 -0.307060 34.879378 
35.103729 -0.311217 34.879378 
35.155924 -0.315211 34.879378 
35.205580 -0.319035 34.879378 
35.252620 -0.322680 34.879378 
35.296973 -0.326139 34.879378 
35.338569 -0.329404 34.879378 
35.377346 -0.332465 34.879378 
35.413243 -0.335316 34.879378 
35.446205 -0.337949 34.879378 
35.476183 -0.340356 34.879378 
35.503129 -0.342530 34.879378 
35.527004 -0.344465 34.879378 
35.547769 -0.346155 34.879378 
35.565394 -0.347594 34.879378 
35.579851 -0.348779 34.879378 
35.591119 -0.349704 34.879378 
35.599179 -0.350367 34.879378 
35.604021 -0.350766 34.879378 
35.605635 -0.350899 34.879378 
32.651525 -0.000000 36.854002 
32.652792 -0.002617 36.854002 
32.656960 -0.005430 36.854002 
32.664023 -0.008421 36.854002 
32.673972 -0.011571 36.854002 
32.686793 -0.014862 36.854002 
32.702465 -0.018279 36.854002 
32.720967 -0.021805 36.854002 
32.742270 -0.025426 36.854002 
32.766341 -0.029128 36.854002 
32.793145 -0.032899 36.854002 
32.822640 -0.036730 36.854002 
32.854780 -0.040610 36.854002 
32.889518 -0.044532 36.854002 
32.926798 -0.048492 36.854002 
32.966563 -0.052483 36.854002 
33.008752 -0.056503 36.854002 
33.053300 -0.060550 36.854002 
33.100136 -0.064622 36.854002 
33.149190 -0.068721 36.854002 
33.200384 -0.072845 36.854002 
33.253639 -0.076996 36.854002 
33.308872 -0.081175 36.854002 
33.365998 -0.085384 36.854002 
33.424928 -0.089623 36.854002 
33.485571 -0.093894 36.854002 
33.547832 -0.098197 36.854002 
33.611615 -0.102532 36.854002 
33.676822 -0.106899 36.854002 
33.743351 -0.111297 36.854002 
33.811099 -0.115723 36.854002 
33.879962 -0.120175 36.854002 
33.949832 -0.124651 36.854002 
34.020603 -0.129145 36.854002 
34.092165 -0.133655 36.854002 
34.164408 -0.138175 36.854002 
34.237219 -0.142700 36.854002 
34.310486 -0.147225 36.854002 
34.384097 -0.151745 36.854002 
34.457937 -0.156252 36.854002 
34.531894 -0.160743 36.854002 
34.605852 -0.165212 36.854002 
34.679697 -0.169653 36.854002 
34.753316 -0.174061 36.854002 
34.826595 -0.178432 36.854002 
34.899420 -0.182761 36.854002 
34.971680 -0.187045 36.854002 
35.043262 -0.191280 36.854002 
35.114056 -0.195463 36.854002 
35.183952 -0.199589 36.854002 
35.252843 -0.203658 36.854002 
35.320622 -0.207665 36.854002 
35.387184 -0.211608 36.854002 
35.452426 -0.215484 36.854002 
35.516248 -0.219290 36.854002 
35.578551 -0.223024 36.854002 
35.639239 -0.226682 36.854002 
35.698217 -0.230260 36.854002 
35.755396 -0.233754 36.854002 
35.810686 -0.237161 36.854002 
35.864002 -0.240473 36.854002 
35.915263 -0.243688 36.854002 
35.964389 -0.246798 36.854002 
36.011304 -0.249797 36.854002 
36.055937 -0.252679 36.854002 
36.098219 -0.255437 36.854002 
36.138084 -0.258064 36.854002 
36.175472 -0.260552 36.854002 
36.210325 -0.262894 36.854002 
36.242590 -0.265082 36.854002 
36.272217 -0.267109 36.854002 
36.299161 -0.268967 36.854002 
36.323380 -0.270651 36.854002 
36.344838 -0.272153 36.854002 
36.363502 -0.273468 36.854002 
36.379343 -0.274590 36.854002 
36.392337 -0.275515 36.854002 
36.402463 -0.276238 36.854002 
36.409708 -0.276757 36.854002 
36.414059 -0.277069 36.854002 
36.415510 -0.277174 36.854002 
33.560665 -0.000000 38.308929 
33.561809 -0.003045 38.308929 
33.565613 -0.006238 38.308929 
33.572073 -0.009559 38.308929 
33.581180 -0.012986 38.308929 
33.592919 -0.016501 38.308929 
33.607275 -0.020085 38.308929 
33.624225 -0.023721 38.308929 
33.643744 -0.027391 38.308929 
33.665802 -0.031083 38.308929 
33.690367 -0.034782 38.308929 
33.717400 -0.038478 38.308929 
33.746860 -0.042162 38.308929 
33.778702 -0.045825 38.308929 
33.812876 -0.049462 38.308929 
33.849331 -0.053070 38.308929 
33.888008 -0.056644 38.308929 
33.928849 -0.060185 38.308929 
33.971791 -0.063692 38.308929 
34.016766 -0.067167 38.308929 
34.063704 -0.070611 38.308929 
34.112534 -0.074028 38.308929 
34.163178 -0.077419 38.308929 
34.215559 -0.080789 38.308929 
34.269595 -0.084140 38.308929 
34.325203 -0.087475 38.308929 
34.382295 -0.090798 38.308929 
34.440785 -0.094111 38.308929 
34.500580 -0.097416 38.308929 
34.561588 -0.100713 38.308929 
34.623715 -0.104003 38.308929 
34.686865 -0.107286 38.308929 
34.750941 -0.110562 38.308929 
34.815842 -0.113830 38.308929 
34.881469 -0.117086 38.308929 
34.947721 -0.120330 38.308929 
35.014495 -0.123558 38.308929 
35.081688 -0.126768 38.308929 
35.149196 -0.129957 38.308929 
35.216916 -0.133122 38.308929 
35.284742 -0.136261 38.308929 
35.352569 -0.139369 38.308929 
35.420294 -0.142446 38.308929 
35.487812 -0.145488 38.308929 
35.555018 -0.148495 38.308929 
35.621808 -0.151465 38.308929 
35.688079 -0.154396 38.308929 
35.753729 -0.157289 38.308929 
35.818657 -0.160142 38.308929 
35.882761 -0.162956 38.308929 
35.945943 -0.165730 38.308929 
36.008105 -0.168465 38.308929 
36.069152 -0.171161 38.308929 
36.128987 -0.173817 38.308929 
36.187520 -0.176434 38.308929 
36.244660 -0.179010 38.308929 
36.300318 -0.181545 38.308929 
36.354408 -0.184037 38.308929 
36.406847 -0.186484 38.308929 
36.457554 -0.188883 38.308929 
36.506450 -0.191232 38.308929 
36.553461 -0.193525 38.308929 
36.598514 -0.195759 38.308929 
36.641540 -0.197928 38.308929 
36.682472 -0.200027 38.308929 
36.721247 -0.202049 38.308929 
36.757806 -0.203987 38.308929 
36.792093 -0.205835 38.308929 
36.824055 -0.207585 38.308929 
36.853643 -0.209229 38.308929 
36.880813 -0.210761 38.308929 
36.905521 -0.212173 38.308929 
36.927731 -0.213458 38.308929 
36.947409 -0.214610 38.308929 
36.964524 -0.215621 38.308929 
36.979050 -0.216487 38.308929 
36.990966 -0.217203 38.308929 
37.000252 -0.217764 38.308929 
37.006896 -0.218167 38.308929 
37.010886 -0.218410 38.308929 
37.012216 -0.218491 38.308929 
34.117438 -0.000000 39.199953 
34.118510 -0.003423 39.199953 
34.122094 -0.006963 39.199953 
34.128186 -0.010598 39.199953 
34.136778 -0.014306 39.199953 
34.147857 -0.018065 39.199953 
34.161408 -0.021855 39.199953 
34.177409 -0.025657 39.199953 
34.195836 -0.029454 39.199953 
34.216663 -0.033229 39.199953 
34.239857 -0.036970 39.199953 
34.265382 -0.040664 39.199953 
34.293201 -0.044302 39.199953 
34.323269 -0.047875 39.199953 
34.355540 -0.051377 39.199953 
34.389966 -0.054806 39.199953 
34.426492 -0.058157 39.199953 
34.465062 -0.061432 39.199953 
34.505615 -0.064630 39.199953 
34.548091 -0.067753 39.199953 
34.592421 -0.070804 39.199953 
34.638538 -0.073788 39.199953 
34.686369 -0.076707 39.199953 
34.735842 -0.079568 39.199953 
34.786878 -0.082373 39.199953 
34.839399 -0.085129 39.199953 
34.893322 -0.087838 39.199953 
34.948566 -0.090505 39.199953 
35.005044 -0.093134 39.199953 
35.062668 -0.095727 39.199953 
35.121349 -0.098286 39.199953 
35.180997 -0.100813 39.199953 
35.241520 -0.103309 39.199953 
35.302823 -0.105774 39.199953 
35.364812 -0.108209 39.199953 
35.427391 -0.110612 39.199953 
35.490464 -0.112984 39.199953 
35.553933 -0.115323 39.199953 
35.617701 -0.117628 39.199953 
35.681668 -0.119899 39.199953 
35.745736 -0.122134 39.199953 
35.809806 -0.124333 39.199953 
35.873779 -0.126495 39.199953 
35.937556 -0.128621 39.199953 
36.001039 -0.130711 39.199953 
36.064129 -0.132766 39.199953 
36.126730 -0.134787 39.199953 
36.188744 -0.136775 39.199953 
36.250075 -0.138732 39.199953 
36.310629 -0.140661 39.199953 
36.370311 -0.142563 39.199953 
36.429030 -0.144441 39.199953 
36.486695 -0.146296 39.199953 
36.543216 -0.148131 39.199953 
36.598507 -0.149948 39.199953 
36.652481 -0.151746 39.199953 
36.705056 -0.153528 39.199953 
36.756149 -0.155293 39.199953 
36.805683 -0.157040 39.199953 
36.853581 -0.158768 39.199953 
36.899768 -0.160474 39.199953 
36.944174 -0.162156 39.199953 
36.986730 -0.163810 39.199953 
37.027371 -0.165431 39.199953 
37.066034 -0.167013 39.199953 
37.102660 -0.168552 39.199953 
37.137193 -0.170040 39.199953 
37.169579 -0.171470 39.199953 
37.199769 -0.172835 39.199953 
37.227717 -0.174127 39.199953 
37.253380 -0.175339 39.199953 
37.276718 -0.176463 39.199953 
37.297696 -0.177492 39.199953 
37.316282 -0.178418 39.199953 
37.332448 -0.179236 39.199953 
37.346169 -0.179939 39.199953 
37.357423 -0.180521 39.199953 
37.366195 -0.180979 39.199953 
37.372470 -0.181308 39.199953 
37.376239 -0.181507 39.199953 
37.377495 -0.181574 39.199953 
34.304928 0.000000 39.500000 
34.305976 -0.003576 39.500000 
34.309487 -0.007258 39.500000 
34.315456 -0.011024 39.500000 
34.323875 -0.014851 39.500000 
34.334733 -0.018716 39.500000 
34.348013 -0.022599 39.500000 
34.363694 -0.026481 39.500000 
34.381755 -0.030342 39.500000 
34.402167 -0.034167 39.500000 
34.424900 -0.037942 39.500000 
34.449918 -0.041655 39.500000 
34.477183 -0.045295 39.500000 
34.506654 -0.048855 39.500000 
34.538285 -0.052328 39.500000 
34.572027 -0.055710 39.500000 
34.607828 -0.059000 39.500000 
34.645633 -0.062196 39.500000 
34.685382 -0.065301 39.500000 
34.727015 -0.068315 39.500000 
34.770467 -0.071242 39.500000 
34.815670 -0.074086 39.500000 
34.862553 -0.076852 39.500000 
34.911045 -0.079545 39.500000 
34.961071 -0.082169 39.500000 
35.012551 -0.084730 39.500000 
35.065407 -0.087233 39.500000 
35.119557 -0.089681 39.500000 
35.174917 -0.092080 39.500000 
35.231400 -0.094432 39.500000 
35.288920 -0.096740 39.500000 
35.347388 -0.099006 39.500000 
35.406713 -0.101232 39.500000 
35.466803 -0.103419 39.500000 
35.527566 -0.105567 39.500000 
35.588908 -0.107678 39.500000 
35.650733 -0.109750 39.500000 
35.712948 -0.111784 39.500000 
35.775454 -0.113779 39.500000 
35.838157 -0.115735 39.500000 
35.900958 -0.117652 39.500000 
35.963761 -0.119530 39.500000 
36.026470 -0.121370 39.500000 
36.088987 -0.123172 39.500000 
36.151215 -0.124937 39.500000 
36.213058 -0.126668 39.500000 
36.274422 -0.128366 39.500000 
36.335210 -0.130034 39.500000 
36.395329 -0.131674 39.500000 
36.454686 -0.133289 39.500000 
36.513189 -0.134882 39.500000 
36.570747 -0.136456 39.500000 
36.627273 -0.138014 39.500000 
36.682677 -0.139558 39.500000 
36.736875 -0.141091 39.500000 
36.789782 -0.142615 39.500000 
36.841317 -0.144131 39.500000 
36.891401 -0.145639 39.500000 
36.939956 -0.147139 39.500000 
36.986906 -0.148630 39.500000 
37.032180 -0.150111 39.500000 
37.075708 -0.151579 39.500000 
37.117423 -0.153029 39.500000 
37.157261 -0.154458 39.500000 
37.195159 -0.155861 39.500000 
37.231061 -0.157231 39.500000 
37.264910 -0.158562 39.500000 
37.296656 -0.159847 39.500000 
37.326249 -0.161079 39.500000 
37.353644 -0.162249 39.500000 
37.378799 -0.163351 39.500000 
37.401675 -0.164376 39.500000 
37.422239 -0.165317 39.500000 
37.440457 -0.166166 39.500000 
37.456303 -0.166917 39.500000 
37.469752 -0.167564 39.500000 
37.480784 -0.168101 39.500000 
37.489382 -0.168523 39.500000 
37.495533 -0.168828 39.500000 
37.499227 -0.169011 39.500000 
37.500459 -0.169073 39.500000 
