CST_STATION_019
1.0000000000 0.0009895686
0.9999571638 0.0009903925
0.9998286625 0.0009928694
0.9996145181 0.0009970139
0.9993147674 0.0010028509
0.9989294616 0.0010104151
0.9984586669 0.0010197511
0.9979024638 0.0010309137
0.9972609477 0.0010439675
0.9965342285 0.0010589873
0.9957224307 0.0010760578
0.9948256934 0.0010952741
0.9938441703 0.0011167414
0.9927780295 0.0011405752
0.9916274538 0.0011669013
0.9903926402 0.0011958557
0.9890738004 0.0012275852
0.9876711603 0.0012622467
0.9861849602 0.0013000077
0.9846154549 0.0013410463
0.9829629131 0.0013855513
0.9812276182 0.0014337218
0.9794098674 0.0014857678
0.9775099722 0.0015419097
0.9755282581 0.0016023787
0.9734650647 0.0016674163
0.9713207455 0.0017372747
0.9690956680 0.0018122167
0.9667902132 0.0018925152
0.9644047764 0.0019784535
0.9619397663 0.0020703251
0.9593956051 0.0021684334
0.9567727288 0.0022730918
0.9540715869 0.0023846231
0.9512926422 0.0025033596
0.9484363708 0.0026296427
0.9455032621 0.0027638226
0.9424938187 0.0029062581
0.9394085563 0.0030573160
0.9362480035 0.0032173711
0.9330127019 0.0033868052
0.9297032058 0.0035660073
0.9263200822 0.0037553724
0.9228639109 0.0039553016
0.9193352840 0.0041662011
0.9157348062 0.0043884819
0.9120630943 0.0046225589
0.9083207776 0.0048688503
0.9045084972 0.0051277769
0.9006269063 0.0053997614
0.8966766701 0.0056852273
0.8926584654 0.0059845987
0.8885729807 0.0062982987
0.8844209160 0.0066267491
0.8802029828 0.0069703690
0.8759199037 0.0073295743
0.8715724127 0.0077047763
0.8671612547 0.0080963811
0.8626871855 0.0085047880
0.8581509717 0.0089303891
0.8535533906 0.0093735676
0.8488952299 0.0098346973
0.8441772878 0.0103141408
0.8394003728 0.0108122492
0.8345653032 0.0113293601
0.8296729076 0.0118657969
0.8247240242 0.0124218679
0.8197195010 0.0129978645
0.8146601955 0.0135940605
0.8095469747 0.0142107109
0.8043807145 0.0148480507
0.7991623003 0.0155062935
0.7938926261 0.0161856310
0.7885725950 0.0168862314
0.7832031185 0.0176082383
0.7777851165 0.0183517701
0.7723195175 0.0191169185
0.7668072580 0.0199037478
0.7612492824 0.0207122938
0.7556465430 0.0215425630
0.7500000000 0.0223945316
0.7443106207 0.0232681448
0.7385793801 0.0241633159
0.7328072602 0.0250799258
0.7269952499 0.0260178220
0.7211443451 0.0269768183
0.7152555484 0.0279566941
0.7093298688 0.0289571940
0.7033683215 0.0299780274
0.6973719282 0.0310188679
0.6913417162 0.0320793534
0.6852787188 0.0331590859
0.6791839748 0.0342576309
0.6730585285 0.0353745180
0.6669034296 0.0365092405
0.6607197327 0.0376612557
0.6545084972 0.0388299850
0.6482707875 0.0400148143
0.6420076724 0.0412150945
0.6357202249 0.0424301415
0.6294095226 0.0436592372
0.6230766465 0.0449016300
0.6167226819 0.0461565351
0.6103487175 0.0474231361
0.6039558454 0.0487005851
0.5975451610 0.0499880040
0.5911177627 0.0512844855
0.5846747519 0.0525890941
0.5782172325 0.0539008675
0.5717463110 0.0552188176
0.5652630961 0.0565419318
0.5587686987 0.0578691745
0.5522642316 0.0591994888
0.5457508093 0.0605317973
0.5392295479 0.0618650044
0.5327015646 0.0631979974
0.5261679781 0.0645296485
0.5196299079 0.0658588162
0.5130884742 0.0671843473
0.5065447978 0.0685050784
0.5000000000 0.0698198380
0.4934552022 0.0711274482
0.4869115258 0.0724267263
0.4803700921 0.0737164873
0.4738320219 0.0749955450
0.4672984354 0.0762627145
0.4607704521 0.0775168135
0.4542491907 0.0787566649
0.4477357684 0.0799810979
0.4412313013 0.0811889505
0.4347369039 0.0823790708
0.4282536890 0.0835503189
0.4217827675 0.0847015692
0.4153252481 0.0858317113
0.4088822373 0.0869396522
0.4024548390 0.0880243179
0.3960441546 0.0890846547
0.3896512825 0.0901196311
0.3832773181 0.0911282391
0.3769233535 0.0921094954
0.3705904774 0.0930624431
0.3642797751 0.0939861528
0.3579923276 0.0948797237
0.3517292125 0.0957422848
0.3454915028 0.0965729961
0.3392802673 0.0973710491
0.3330965704 0.0981356681
0.3269414715 0.0988661108
0.3208160252 0.0995616689
0.3147212812 0.1002216688
0.3086582838 0.1008454721
0.3026280718 0.1014324760
0.2966316785 0.1019821135
0.2906701312 0.1024938539
0.2847444516 0.1029672025
0.2788556549 0.1034017011
0.2730047501 0.1037969275
0.2671927398 0.1041524958
0.2614206199 0.1044680558
0.2556893793 0.1047432928
0.2500000000 0.1049779274
0.2443534570 0.1051717147
0.2387507176 0.1053244439
0.2331927420 0.1054359377
0.2276804825 0.1055060514
0.2222148835 0.1055346723
0.2167968815 0.1055217189
0.2114274050 0.1054671398
0.2061073739 0.1053709129
0.2008376997 0.1052330443
0.1956192855 0.1050535671
0.1904530253 0.1048325408
0.1853398045 0.1045700496
0.1802804990 0.1042662015
0.1752759758 0.1039211269
0.1703270924 0.1035349777
0.1654346968 0.1031079258
0.1605996272 0.1026401619
0.1558227122 0.1021318941
0.1511047701 0.1015833470
0.1464466094 0.1009947599
0.1418490283 0.1003663860
0.1373128145 0.0996984908
0.1328387453 0.0989913512
0.1284275873 0.0982452537
0.1240800963 0.0974604938
0.1197970172 0.0966373746
0.1155790840 0.0957762052
0.1114270193 0.0948773004
0.1073415346 0.0939409788
0.1033233299 0.0929675623
0.0993730937 0.0919573747
0.0954915028 0.0909107408
0.0916792224 0.0898279856
0.0879369057 0.0887094331
0.0842651938 0.0875554056
0.0806647160 0.0863662229
0.0771360891 0.0851422013
0.0736799178 0.0838836526
0.0702967942 0.0825908840
0.0669872981 0.0812641966
0.0637519965 0.0799038853
0.0605914437 0.0785102375
0.0575061813 0.0770835327
0.0544967379 0.0756240418
0.0515636292 0.0741320259
0.0487073578 0.0726077362
0.0459284131 0.0710514124
0.0432272712 0.0694632822
0.0406043949 0.0678435601
0.0380602337 0.0661924463
0.0355952236 0.0645101251
0.0332097868 0.0627967639
0.0309043320 0.0610525109
0.0286792545 0.0592774932
0.0265349353 0.0574718141
0.0244717419 0.0556355507
0.0224900278 0.0537687496
0.0205901326 0.0518714230
0.0187723818 0.0499435437
0.0170370869 0.0479850383
0.0153845451 0.0459957797
0.0138150398 0.0439755771
0.0123288397 0.0419241645
0.0109261996 0.0398411849
0.0096073598 0.0377261716
0.0083725462 0.0355785225
0.0072219705 0.0333974680
0.0061558297 0.0311820277
0.0051743066 0.0289309514
0.0042775693 0.0266426376
0.0034657715 0.0243150183
0.0027390523 0.0219453877
0.0020975362 0.0195301426
0.0015413331 0.0170643635
0.0010705384 0.0145411003
0.0006852326 0.0119500431
0.0003854819 0.0092747480
0.0001713375 0.0064857175
0.0000428362 0.0035166682
0.0000000000 0.0000000000
0.0000428362 -0.0026413966
0.0001713375 -0.0048711110
0.0003854819 -0.0069650388
0.0006852326 -0.0089727912
0.0010705384 -0.0109163717
0.0015413331 -0.0128079963
0.0020975362 -0.0146552871
0.0027390523 -0.0164633543
0.0034657715 -0.0182357933
0.0042775693 -0.0199752204
0.0051743066 -0.0216835869
0.0061558297 -0.0233623737
0.0072219705 -0.0250127193
0.0083725462 -0.0266355067
0.0096073598 -0.0282314239
0.0109261996 -0.0298010082
0.0123288397 -0.0313446786
0.0138150398 -0.0328627600
0.0153845451 -0.0343555019
0.0170370869 -0.0358230927
0.0187723818 -0.0372656713
0.0205901326 -0.0386833358
0.0224900278 -0.0400761507
0.0244717419 -0.0414441525
0.0265349353 -0.0427873548
0.0286792545 -0.0441057515
0.0309043320 -0.0453993202
0.0332097868 -0.0466680247
0.0355952236 -0.0479118171
0.0380602337 -0.0491306393
0.0406043949 -0.0503244246
0.0432272712 -0.0514930990
0.0459284131 -0.0526365817
0.0487073578 -0.0537547862
0.0515636292 -0.0548476210
0.0544967379 -0.0559149903
0.0575061813 -0.0569567938
0.0605914437 -0.0579729280
0.0637519965 -0.0589632859
0.0669872981 -0.0599277577
0.0702967942 -0.0608662308
0.0736799178 -0.0617785903
0.0771360891 -0.0626647193
0.0806647160 -0.0635244988
0.0842651938 -0.0643578085
0.0879369057 -0.0651645265
0.0916792224 -0.0659445303
0.0954915028 -0.0666976963
0.0993730937 -0.0674239009
0.1033233299 -0.0681230203
0.1073415346 -0.0687949311
0.1114270193 -0.0694395108
0.1155790840 -0.0700566380
0.1197970172 -0.0706461930
0.1240800963 -0.0712080585
0.1284275873 -0.0717421195
0.1328387453 -0.0722482646
0.1373128145 -0.0727263861
0.1418490283 -0.0731763806
0.1464466094 -0.0735981498
0.1511047701 -0.0739916012
0.1558227122 -0.0743566484
0.1605996272 -0.0746932121
0.1654346968 -0.0750012208
0.1703270924 -0.0752806113
0.1752759758 -0.0755313295
0.1802804990 -0.0757533312
0.1853398045 -0.0759465829
0.1904530253 -0.0761110621
0.1956192855 -0.0762467587
0.2008376997 -0.0763536751
0.2061073739 -0.0764318273
0.2114274050 -0.0764812455
0.2167968815 -0.0765019747
0.2222148835 -0.0764940756
0.2276804825 -0.0764576250
0.2331927420 -0.0763927166
0.2387507176 -0.0762994615
0.2443534570 -0.0761779891
0.2500000000 -0.0760284470
0.2556893793 -0.0758510022
0.2614206199 -0.0756458411
0.2671927398 -0.0754131703
0.2730047501 -0.0751532166
0.2788556549 -0.0748662277
0.2847444516 -0.0745524723
0.2906701312 -0.0742122403
0.2966316785 -0.0738458434
0.3026280718 -0.0734536147
0.3086582838 -0.0730359092
0.3147212812 -0.0725931036
0.3208160252 -0.0721255965
0.3269414715 -0.0716338082
0.3330965704 -0.0711181805
0.3392802673 -0.0705791767
0.3454915028 -0.0700172815
0.3517292125 -0.0694330000
0.3579923276 -0.0688268583
0.3642797751 -0.0681994025
0.3705904774 -0.0675511981
0.3769233535 -0.0668828300
0.3832773181 -0.0661949017
0.3896512825 -0.0654880345
0.3960441546 -0.0647628671
0.4024548390 -0.0640200546
0.4088822373 -0.0632602679
0.4153252481 -0.0624841929
0.4217827675 -0.0616925296
0.4282536890 -0.0608859912
0.4347369039 -0.0600653030
0.4412313013 -0.0592312018
0.4477357684 -0.0583844343
0.4542491907 -0.0575257567
0.4607704521 -0.0566559333
0.4672984354 -0.0557757354
0.4738320219 -0.0548859402
0.4803700921 -0.0539873297
0.4869115258 -0.0530806897
0.4934552022 -0.0521668084
0.5000000000 -0.0512464751
0.5065447978 -0.0503204796
0.5130884742 -0.0493896104
0.5196299079 -0.0484546540
0.5261679781 -0.0475163934
0.5327015646 -0.0465756071
0.5392295479 -0.0456330677
0.5457508093 -0.0446895414
0.5522642316 -0.0437457861
0.5587686987 -0.0428025506
0.5652630961 -0.0418605739
0.5717463110 -0.0409205835
0.5782172325 -0.0399832949
0.5846747519 -0.0390494101
0.5911177627 -0.0381196173
0.5975451610 -0.0371945893
0.6039558454 -0.0362749831
0.6103487175 -0.0353614389
0.6167226819 -0.0344545789
0.6230766465 -0.0335550075
0.6294095226 -0.0326633095
0.6357202249 -0.0317800502
0.6420076724 -0.0309057742
0.6482707875 -0.0300410056
0.6545084972 -0.0291862466
0.6607197327 -0.0283419775
0.6669034296 -0.0275086564
0.6730585285 -0.0266867185
0.6791839748 -0.0258765759
0.6852787188 -0.0250786176
0.6913417162 -0.0242932087
0.6973719282 -0.0235206910
0.7033683215 -0.0227613822
0.7093298688 -0.0220155762
0.7152555484 -0.0212835432
0.7211443451 -0.0205655293
0.7269952499 -0.0198617572
0.7328072602 -0.0191724258
0.7385793801 -0.0184977106
0.7443106207 -0.0178377641
0.7500000000 -0.0171927157
0.7556465430 -0.0165626725
0.7612492824 -0.0159477192
0.7668072580 -0.0153479188
0.7723195175 -0.0147633128
0.7777851165 -0.0141939220
0.7832031185 -0.0136397466
0.7885725950 -0.0131007672
0.7938926261 -0.0125769449
0.7991623003 -0.0120682223
0.8043807145 -0.0115745237
0.8095469747 -0.0110957560
0.8146601955 -0.0106318096
0.8197195010 -0.0101825586
0.8247240242 -0.0097478615
0.8296729076 -0.0093275625
0.8345653032 -0.0089214917
0.8394003728 -0.0085294657
0.8441772878 -0.0081512890
0.8488952299 -0.0077867542
0.8535533906 -0.0074356427
0.8581509717 -0.0070977260
0.8626871855 -0.0067727657
0.8671612547 -0.0064605149
0.8715724127 -0.0061607187
0.8759199037 -0.0058731147
0.8802029828 -0.0055974342
0.8844209160 -0.0053334024
0.8885729807 -0.0050807396
0.8926584654 -0.0048391616
0.8966766701 -0.0046083803
0.9006269063 -0.0043881047
0.9045084972 -0.0041780413
0.9083207776 -0.0039778948
0.9120630943 -0.0037873689
0.9157348062 -0.0036061664
0.9193352840 -0.0034339903
0.9228639109 -0.0032705442
0.9263200822 -0.0031155327
0.9297032058 -0.0029686620
0.9330127019 -0.0028296406
0.9362480035 -0.0026981794
0.9394085563 -0.0025739925
0.9424938187 -0.0024567973
0.9455032621 -0.0023463152
0.9484363708 -0.0022422719
0.9512926422 -0.0021443977
0.9540715869 -0.0020524279
0.9567727288 -0.0019661030
0.9593956051 -0.0018851692
0.9619397663 -0.0018093787
0.9644047764 -0.0017384897
0.9667902132 -0.0016722669
0.9690956680 -0.0016104814
0.9713207455 -0.0015529114
0.9734650647 -0.0014993420
0.9755282581 -0.0014495654
0.9775099722 -0.0014033814
0.9794098674 -0.0013605970
0.9812276182 -0.0013210269
0.9829629131 -0.0012844936
0.9846154549 -0.0012508274
0.9861849602 -0.0012198665
0.9876711603 -0.0011914571
0.9890738004 -0.0011654534
0.9903926402 -0.0011417179
0.9916274538 -0.0011201210
0.9927780295 -0.0011005417
0.9938441703 -0.0010828668
0.9948256934 -0.0010669918
0.9957224307 -0.0010528202
0.9965342285 -0.0010402640
0.9972609477 -0.0010292436
0.9979024638 -0.0010196876
0.9984586669 -0.0010115331
0.9989294616 -0.0010047255
0.9993147674 -0.0009992186
0.9996145181 -0.0009949747
0.9998286625 -0.0009919643
0.9999571638 -0.0009901665
1.0000000000 -0.0009895686
