CST_STATION_013
1.0000000000 0.0007500000
0.9999571638 0.0007513187
0.9998286625 0.0007552772
0.9996145181 0.0007618830
0.9993147674 0.0007711489
0.9989294616 0.0007830926
0.9984586669 0.0007977371
0.9979024638 0.0008151109
0.9972609477 0.0008352478
0.9965342285 0.0008581877
0.9957224307 0.0008839762
0.9948256934 0.0009126650
0.9938441703 0.0009443124
0.9927780295 0.0009789832
0.9916274538 0.0010167493
0.9903926402 0.0010576898
0.9890738004 0.0011018912
0.9876711603 0.0011494482
0.9861849602 0.0012004633
0.9846154549 0.0012550478
0.9829629131 0.0013133215
0.9812276182 0.0013754135
0.9794098674 0.0014414623
0.9775099722 0.0015116159
0.9755282581 0.0015860324
0.9734650647 0.0016648800
0.9713207455 0.0017483373
0.9690956680 0.0018365935
0.9667902132 0.0019298486
0.9644047764 0.0020283132
0.9619397663 0.0021322093
0.9593956051 0.0022417694
0.9567727288 0.0023572375
0.9540715869 0.0024788681
0.9512926422 0.0026069270
0.9484363708 0.0027416903
0.9455032621 0.0028834449
0.9424938187 0.0030324880
0.9394085563 0.0031891264
0.9362480035 0.0033536769
0.9330127019 0.0035264652
0.9297032058 0.0037078257
0.9263200822 0.0038981008
0.9228639109 0.0040976406
0.9193352840 0.0043068018
0.9157348062 0.0045259471
0.9120630943 0.0047554444
0.9083207776 0.0049956662
0.9045084972 0.0052469882
0.9006269063 0.0055097885
0.8966766701 0.0057844467
0.8926584654 0.0060713427
0.8885729807 0.0063708553
0.8844209160 0.0066833615
0.8802029828 0.0070092348
0.8759199037 0.0073488442
0.8715724127 0.0077025527
0.8671612547 0.0080707159
0.8626871855 0.0084536809
0.8581509717 0.0088517845
0.8535533906 0.0092653522
0.8488952299 0.0096946961
0.8441772878 0.0101401142
0.8394003728 0.0106018884
0.8345653032 0.0110802831
0.8296729076 0.0115755441
0.8247240242 0.0120878966
0.8197195010 0.0126175443
0.8146601955 0.0131646675
0.8095469747 0.0137294222
0.8043807145 0.0143119383
0.7991623003 0.0149123188
0.7938926261 0.0155306381
0.7885725950 0.0161669411
0.7832031185 0.0168212418
0.7777851165 0.0174935225
0.7723195175 0.0181837328
0.7668072580 0.0188917883
0.7612492824 0.0196175702
0.7556465430 0.0203609242
0.7500000000 0.0211216603
0.7443106207 0.0218995516
0.7385793801 0.0226943343
0.7328072602 0.0235057070
0.7269952499 0.0243333308
0.7211443451 0.0251768287
0.7152555484 0.0260357861
0.7093298688 0.0269097501
0.7033683215 0.0277982303
0.6973719282 0.0287006990
0.6913417162 0.0296165913
0.6852787188 0.0305453057
0.6791839748 0.0314862050
0.6730585285 0.0324386166
0.6669034296 0.0334018338
0.6607197327 0.0343751163
0.6545084972 0.0353576917
0.6482707875 0.0363487564
0.6420076724 0.0373474769
0.6357202249 0.0383529913
0.6294095226 0.0393644104
0.6230766465 0.0403808198
0.6167226819 0.0414012813
0.6103487175 0.0424248343
0.6039558454 0.0434504982
0.5975451610 0.0444772736
0.5911177627 0.0455041447
0.5846747519 0.0465300814
0.5782172325 0.0475540406
0.5717463110 0.0485749691
0.5652630961 0.0495918053
0.5587686987 0.0506034812
0.5522642316 0.0516089250
0.5457508093 0.0526070629
0.5392295479 0.0535968215
0.5327015646 0.0545771297
0.5261679781 0.0555469213
0.5196299079 0.0565051366
0.5130884742 0.0574507253
0.5065447978 0.0583826478
0.5000000000 0.0592998776
0.4934552022 0.0602014036
0.4869115258 0.0610862315
0.4803700921 0.0619533863
0.4738320219 0.0628019136
0.4672984354 0.0636308818
0.4607704521 0.0644393837
0.4542491907 0.0652265378
0.4477357684 0.0659914905
0.4412313013 0.0667334168
0.4347369039 0.0674515222
0.4282536890 0.0681450438
0.4217827675 0.0688132513
0.4153252481 0.0694554482
0.4088822373 0.0700709730
0.4024548390 0.0706591993
0.3960441546 0.0712195375
0.3896512825 0.0717514346
0.3832773181 0.0722543752
0.3769233535 0.0727278818
0.3705904774 0.0731715148
0.3642797751 0.0735848733
0.3579923276 0.0739675946
0.3517292125 0.0743193545
0.3454915028 0.0746398669
0.3392802673 0.0749288839
0.3330965704 0.0751861954
0.3269414715 0.0754116284
0.3208160252 0.0756050468
0.3147212812 0.0757663506
0.3086582838 0.0758954757
0.3026280718 0.0759923922
0.2966316785 0.0760571048
0.2906701312 0.0760896507
0.2847444516 0.0760900996
0.2788556549 0.0760585522
0.2730047501 0.0759951393
0.2671927398 0.0759000206
0.2614206199 0.0757733836
0.2556893793 0.0756154427
0.2500000000 0.0754264375
0.2443534570 0.0752066319
0.2387507176 0.0749563129
0.2331927420 0.0746757893
0.2276804825 0.0743653901
0.2222148835 0.0740254640
0.2167968815 0.0736563774
0.2114274050 0.0732585136
0.2061073739 0.0728322715
0.2008376997 0.0723780644
0.1956192855 0.0718963186
0.1904530253 0.0713874727
0.1853398045 0.0708519762
0.1802804990 0.0702902884
0.1752759758 0.0697028776
0.1703270924 0.0690902198
0.1654346968 0.0684527979
0.1605996272 0.0677911009
0.1558227122 0.0671056230
0.1511047701 0.0663968627
0.1464466094 0.0656653221
0.1418490283 0.0649115061
0.1373128145 0.0641359222
0.1328387453 0.0633390793
0.1284275873 0.0625214875
0.1240800963 0.0616836577
0.1197970172 0.0608261010
0.1155790840 0.0599493284
0.1114270193 0.0590538505
0.1073415346 0.0581401770
0.1033233299 0.0572088170
0.0993730937 0.0562602783
0.0954915028 0.0552950675
0.0916792224 0.0543136902
0.0879369057 0.0533166502
0.0842651938 0.0523044505
0.0806647160 0.0512775926
0.0771360891 0.0502365768
0.0736799178 0.0491819025
0.0702967942 0.0481140682
0.0669872981 0.0470335717
0.0637519965 0.0459409105
0.0605914437 0.0448365817
0.0575061813 0.0437210826
0.0544967379 0.0425949110
0.0515636292 0.0414585656
0.0487073578 0.0403125461
0.0459284131 0.0391573540
0.0432272712 0.0379934927
0.0406043949 0.0368214685
0.0380602337 0.0356417905
0.0355952236 0.0344549718
0.0332097868 0.0332615300
0.0309043320 0.0320619877
0.0286792545 0.0308568737
0.0265349353 0.0296467235
0.0244717419 0.0284320810
0.0224900278 0.0272134990
0.0205901326 0.0259915410
0.0187723818 0.0247667830
0.0170370869 0.0235398152
0.0153845451 0.0223112440
0.0138150398 0.0210816957
0.0123288397 0.0198518191
0.0109261996 0.0186222898
0.0096073598 0.0173938159
0.0083725462 0.0161671443
0.0072219705 0.0149430692
0.0061558297 0.0137224437
0.0051743066 0.0125061942
0.0042775693 0.0112953411
0.0034657715 0.0100910271
0.0027390523 0.0088945585
0.0020975362 0.0077074665
0.0015413331 0.0065316038
0.0010705384 0.0053693059
0.0006852326 0.0042236804
0.0003854819 0.0030991916
0.0001713375 0.0020030489
0.0000428362 0.0009496609
0.0000000000 0.0000000000
0.0000428362 -0.0005085711
0.0001713375 -0.0010726376
0.0003854819 -0.0016594391
0.0006852326 -0.0022611376
0.0010705384 -0.0028737407
0.0015413331 -0.0034947191
0.0020975362 -0.0041222647
0.0027390523 -0.0047549789
0.0034657715 -0.0053917184
0.0042775693 -0.0060315100
0.0051743066 -0.0066734997
0.0061558297 -0.0073169205
0.0072219705 -0.0079610711
0.0083725462 -0.0086053012
0.0096073598 -0.0092490017
0.0109261996 -0.0098915967
0.0123288397 -0.0105325388
0.0138150398 -0.0111713045
0.0153845451 -0.0118073916
0.0170370869 -0.0124403171
0.0187723818 -0.0130696149
0.0205901326 -0.0136948350
0.0224900278 -0.0143155425
0.0244717419 -0.0149313166
0.0265349353 -0.0155417503
0.0286792545 -0.0161464499
0.0309043320 -0.0167450347
0.0332097868 -0.0173371366
0.0355952236 -0.0179224002
0.0380602337 -0.0185004828
0.0406043949 -0.0190710537
0.0432272712 -0.0196337948
0.0459284131 -0.0201884003
0.0487073578 -0.0207345765
0.0515636292 -0.0212720422
0.0544967379 -0.0218005282
0.0575061813 -0.0223197773
0.0605914437 -0.0228295448
0.0637519965 -0.0233295975
0.0669872981 -0.0238197145
0.0702967942 -0.0242996866
0.0736799178 -0.0247693163
0.0771360891 -0.0252284177
0.0806647160 -0.0256768164
0.0842651938 -0.0261143492
0.0879369057 -0.0265408638
0.0916792224 -0.0269562191
0.0954915028 -0.0273602844
0.0993730937 -0.0277529395
0.1033233299 -0.0281340744
0.1073415346 -0.0285035889
0.1114270193 -0.0288613926
0.1155790840 -0.0292074044
0.1197970172 -0.0295415519
0.1240800963 -0.0298637720
0.1284275873 -0.0301740097
0.1328387453 -0.0304722181
0.1373128145 -0.0307583581
0.1418490283 -0.0310323981
0.1464466094 -0.0312943138
0.1511047701 -0.0315440874
0.1558227122 -0.0317817077
0.1605996272 -0.0320071700
0.1654346968 -0.0322204749
0.1703270924 -0.0324216290
0.1752759758 -0.0326106440
0.1802804990 -0.0327875366
0.1853398045 -0.0329523283
0.1904530253 -0.0331050448
0.1956192855 -0.0332457162
0.2008376997 -0.0333743766
0.2061073739 -0.0334910638
0.2114274050 -0.0335958191
0.2167968815 -0.0336886872
0.2222148835 -0.0337697160
0.2276804825 -0.0338389565
0.2331927420 -0.0338964627
0.2387507176 -0.0339422912
0.2443534570 -0.0339765016
0.2500000000 -0.0339991560
0.2556893793 -0.0340103192
0.2614206199 -0.0340100587
0.2671927398 -0.0339984445
0.2730047501 -0.0339755491
0.2788556549 -0.0339414478
0.2847444516 -0.0338962185
0.2906701312 -0.0338399419
0.2966316785 -0.0337727014
0.3026280718 -0.0336945836
0.3086582838 -0.0336056778
0.3147212812 -0.0335060766
0.3208160252 -0.0333958759
0.3269414715 -0.0332751750
0.3330965704 -0.0331440768
0.3392802673 -0.0330026879
0.3454915028 -0.0328511190
0.3517292125 -0.0326894846
0.3579923276 -0.0325179036
0.3642797751 -0.0323364994
0.3705904774 -0.0321453999
0.3769233535 -0.0319447379
0.3832773181 -0.0317346511
0.3896512825 -0.0315152824
0.3960441546 -0.0312867798
0.4024548390 -0.0310492971
0.4088822373 -0.0308029934
0.4153252481 -0.0305480336
0.4217827675 -0.0302845886
0.4282536890 -0.0300128351
0.4347369039 -0.0297329559
0.4412313013 -0.0294451400
0.4477357684 -0.0291495825
0.4542491907 -0.0288464849
0.4607704521 -0.0285360549
0.4672984354 -0.0282185063
0.4738320219 -0.0278940594
0.4803700921 -0.0275629406
0.4869115258 -0.0272253825
0.4934552022 -0.0268816237
0.5000000000 -0.0265319089
0.5065447978 -0.0261764885
0.5130884742 -0.0258156187
0.5196299079 -0.0254495611
0.5261679781 -0.0250785827
0.5327015646 -0.0247029556
0.5392295479 -0.0243229567
0.5457508093 -0.0239388675
0.5522642316 -0.0235509738
0.5587686987 -0.0231595655
0.5652630961 -0.0227649359
0.5717463110 -0.0223673819
0.5782172325 -0.0219672031
0.5846747519 -0.0215647018
0.5911177627 -0.0211601824
0.5975451610 -0.0207539512
0.6039558454 -0.0203463157
0.6103487175 -0.0199375841
0.6167226819 -0.0195280654
0.6230766465 -0.0191180683
0.6294095226 -0.0187079011
0.6357202249 -0.0182978710
0.6420076724 -0.0178882840
0.6482707875 -0.0174794439
0.6545084972 -0.0170716522
0.6607197327 -0.0166652075
0.6669034296 -0.0162604050
0.6730585285 -0.0158575359
0.6791839748 -0.0154568872
0.6852787188 -0.0150587411
0.6913417162 -0.0146633744
0.6973719282 -0.0142710582
0.7033683215 -0.0138820576
0.7093298688 -0.0134966310
0.7152555484 -0.0131150296
0.7211443451 -0.0127374974
0.7269952499 -0.0123642707
0.7328072602 -0.0119955775
0.7385793801 -0.0116316373
0.7443106207 -0.0112726609
0.7500000000 -0.0109188499
0.7556465430 -0.0105703964
0.7612492824 -0.0102274830
0.7668072580 -0.0098902825
0.7723195175 -0.0095589572
0.7777851165 -0.0092336594
0.7832031185 -0.0089145310
0.7885725950 -0.0086017032
0.7938926261 -0.0082952963
0.7991623003 -0.0079954201
0.8043807145 -0.0077021735
0.8095469747 -0.0074156444
0.8146601955 -0.0071359099
0.8197195010 -0.0068630361
0.8247240242 -0.0065970785
0.8296729076 -0.0063380816
0.8345653032 -0.0060860793
0.8394003728 -0.0058410950
0.8441772878 -0.0056031417
0.8488952299 -0.0053722220
0.8535533906 -0.0051483286
0.8581509717 -0.0049314443
0.8626871855 -0.0047215421
0.8671612547 -0.0045185857
0.8715724127 -0.0043225298
0.8759199037 -0.0041333201
0.8802029828 -0.0039508937
0.8844209160 -0.0037751797
0.8885729807 -0.0036060990
0.8926584654 -0.0034435650
0.8966766701 -0.0032874840
0.9006269063 -0.0031377555
0.9045084972 -0.0029942721
0.9083207776 -0.0028569208
0.9120630943 -0.0027255826
0.9157348062 -0.0026001332
0.9193352840 -0.0024804435
0.9228639109 -0.0023663798
0.9263200822 -0.0022578044
0.9297032058 -0.0021545758
0.9330127019 -0.0020565492
0.9362480035 -0.0019635771
0.9394085563 -0.0018755094
0.9424938187 -0.0017921941
0.9455032621 -0.0017134774
0.9484363708 -0.0016392044
0.9512926422 -0.0015692194
0.9540715869 -0.0015033662
0.9567727288 -0.0014414886
0.9593956051 -0.0013834306
0.9619397663 -0.0013290372
0.9644047764 -0.0012781542
0.9667902132 -0.0012306289
0.9690956680 -0.0011863107
0.9713207455 -0.0011450507
0.9734650647 -0.0011067027
0.9755282581 -0.0010711233
0.9775099722 -0.0010381722
0.9794098674 -0.0010077124
0.9812276182 -0.0009796106
0.9829629131 -0.0009537376
0.9846154549 -0.0009299684
0.9861849602 -0.0009081822
0.9876711603 -0.0008882634
0.9890738004 -0.0008701010
0.9903926402 -0.0008535893
0.9916274538 -0.0008386281
0.9927780295 -0.0008251224
0.9938441703 -0.0008129834
0.9948256934 -0.0008021279
0.9957224307 -0.0007924789
0.9965342285 -0.0007839657
0.9972609477 -0.0007765238
0.9979024638 -0.0007700952
0.9984586669 -0.0007646286
0.9989294616 -0.0007600792
0.9993147674 -0.0007564089
0.9996145181 -0.0007535868
0.9998286625 -0.0007515883
0.9999571638 -0.0007503962
1.0000000000 -0.0007500000
