CST_STATION_010
1.0000000000 0.0009151543
0.9999571638 0.0009171005
0.9998286625 0.0009229425
0.9996145181 0.0009326916
0.9993147674 0.0009463659
0.9989294616 0.0009639915
0.9984586669 0.0009856019
0.9979024638 0.0010112387
0.9972609477 0.0010409515
0.9965342285 0.0010747984
0.9957224307 0.0011128462
0.9948256934 0.0011551710
0.9938441703 0.0012018581
0.9927780295 0.0012530031
0.9916274538 0.0013087117
0.9903926402 0.0013691006
0.9890738004 0.0014342978
0.9876711603 0.0015044429
0.9861849602 0.0015796882
0.9846154549 0.0016601983
0.9829629131 0.0017461515
0.9812276182 0.0018377394
0.9794098674 0.0019351683
0.9775099722 0.0020386586
0.9755282581 0.0021484460
0.9734650647 0.0022647815
0.9713207455 0.0023879319
0.9690956680 0.0025181797
0.9667902132 0.0026558240
0.9644047764 0.0028011799
0.9619397663 0.0029545792
0.9593956051 0.0031163701
0.9567727288 0.0032869174
0.9540715869 0.0034666022
0.9512926422 0.0036558219
0.9484363708 0.0038549895
0.9455032621 0.0040645340
0.9424938187 0.0042848992
0.9394085563 0.0045165436
0.9362480035 0.0047599394
0.9330127019 0.0050155724
0.9297032058 0.0052839403
0.9263200822 0.0055655524
0.9228639109 0.0058609285
0.9193352840 0.0061705976
0.9157348062 0.0064950964
0.9120630943 0.0068349687
0.9083207776 0.0071907634
0.9045084972 0.0075630331
0.9006269063 0.0079523327
0.8966766701 0.0083592173
0.8926584654 0.0087842410
0.8885729807 0.0092279545
0.8844209160 0.0096909036
0.8802029828 0.0101736270
0.8759199037 0.0106766541
0.8715724127 0.0112005035
0.8671612547 0.0117456801
0.8626871855 0.0123126736
0.8581509717 0.0129019556
0.8535533906 0.0135139782
0.8488952299 0.0141491709
0.8441772878 0.0148079390
0.8394003728 0.0154906610
0.8345653032 0.0161976866
0.8296729076 0.0169293342
0.8247240242 0.0176858891
0.8197195010 0.0184676010
0.8146601955 0.0192746821
0.8095469747 0.0201073051
0.8043807145 0.0209656013
0.7991623003 0.0218496584
0.7938926261 0.0227595191
0.7885725950 0.0236951794
0.7832031185 0.0246565867
0.7777851165 0.0256436385
0.7723195175 0.0266561813
0.7668072580 0.0276940091
0.7612492824 0.0287568623
0.7556465430 0.0298444270
0.7500000000 0.0309563342
0.7443106207 0.0320921590
0.7385793801 0.0332514202
0.7328072602 0.0344335801
0.7269952499 0.0356380443
0.7211443451 0.0368641619
0.7152555484 0.0381112254
0.7093298688 0.0393784714
0.7033683215 0.0406650813
0.6973719282 0.0419701815
0.6913417162 0.0432928448
0.6852787188 0.0446320915
0.6791839748 0.0459868904
0.6730585285 0.0473561606
0.6669034296 0.0487387729
0.6607197327 0.0501335515
0.6545084972 0.0515392762
0.6482707875 0.0529546844
0.6420076724 0.0543784733
0.6357202249 0.0558093022
0.6294095226 0.0572457953
0.6230766465 0.0586865439
0.6167226819 0.0601301097
0.6103487175 0.0615750271
0.6039558454 0.0630198064
0.5975451610 0.0644629372
0.5911177627 0.0659028906
0.5846747519 0.0673381234
0.5782172325 0.0687670806
0.5717463110 0.0701881990
0.5652630961 0.0715999104
0.5587686987 0.0730006449
0.5522642316 0.0743888344
0.5457508093 0.0757629156
0.5392295479 0.0771213336
0.5327015646 0.0784625450
0.5261679781 0.0797850213
0.5196299079 0.0810872517
0.5130884742 0.0823677468
0.5065447978 0.0836250412
0.5000000000 0.0848576966
0.4934552022 0.0860643046
0.4869115258 0.0872434897
0.4803700921 0.0883939118
0.4738320219 0.0895142686
0.4672984354 0.0906032983
0.4607704521 0.0916597818
0.4542491907 0.0926825446
0.4477357684 0.0936704592
0.4412313013 0.0946224466
0.4347369039 0.0955374780
0.4282536890 0.0964145768
0.4217827675 0.0972528193
0.4153252481 0.0980513362
0.4088822373 0.0988093139
0.4024548390 0.0995259949
0.3960441546 0.1002006787
0.3896512825 0.1008327224
0.3832773181 0.1014215411
0.3769233535 0.1019666077
0.3705904774 0.1024674536
0.3642797751 0.1029236679
0.3579923276 0.1033348977
0.3517292125 0.1037008473
0.3454915028 0.1040212778
0.3392802673 0.1042960063
0.3330965704 0.1045249052
0.3269414715 0.1047079012
0.3208160252 0.1048449741
0.3147212812 0.1049361556
0.3086582838 0.1049815283
0.3026280718 0.1049812238
0.2966316785 0.1049354219
0.2906701312 0.1048443482
0.2847444516 0.1047082733
0.2788556549 0.1045275105
0.2730047501 0.1043024142
0.2671927398 0.1040333785
0.2614206199 0.1037208345
0.2556893793 0.1033652495
0.2500000000 0.1029671242
0.2443534570 0.1025269914
0.2387507176 0.1020454138
0.2331927420 0.1015229821
0.2276804825 0.1009603134
0.2222148835 0.1003580490
0.2167968815 0.0997168528
0.2114274050 0.0990374091
0.2061073739 0.0983204214
0.2008376997 0.0975666102
0.1956192855 0.0967767116
0.1904530253 0.0959514755
0.1853398045 0.0950916640
0.1802804990 0.0941980502
0.1752759758 0.0932714162
0.1703270924 0.0923125523
0.1654346968 0.0913222554
0.1605996272 0.0903013277
0.1558227122 0.0892505757
0.1511047701 0.0881708090
0.1464466094 0.0870628396
0.1418490283 0.0859274803
0.1373128145 0.0847655447
0.1328387453 0.0835778458
0.1284275873 0.0823651954
0.1240800963 0.0811284038
0.1197970172 0.0798682788
0.1155790840 0.0785856258
0.1114270193 0.0772812467
0.1073415346 0.0759559400
0.1033233299 0.0746105008
0.0993730937 0.0732457199
0.0954915028 0.0718623843
0.0916792224 0.0704612766
0.0879369057 0.0690431757
0.0842651938 0.0676088561
0.0806647160 0.0661590885
0.0771360891 0.0646946398
0.0736799178 0.0632162735
0.0702967942 0.0617247495
0.0669872981 0.0602208252
0.0637519965 0.0587052552
0.0605914437 0.0571787920
0.0575061813 0.0556421867
0.0544967379 0.0540961893
0.0515636292 0.0525415493
0.0487073578 0.0509790167
0.0459284131 0.0494093424
0.0432272712 0.0478332793
0.0406043949 0.0462515833
0.0380602337 0.0446650138
0.0355952236 0.0430743357
0.0332097868 0.0414803200
0.0309043320 0.0398837457
0.0286792545 0.0382854011
0.0265349353 0.0366860860
0.0244717419 0.0350866136
0.0224900278 0.0334878131
0.0205901326 0.0318905328
0.0187723818 0.0302956428
0.0170370869 0.0287040399
0.0153845451 0.0271166517
0.0138150398 0.0255344423
0.0123288397 0.0239584197
0.0109261996 0.0223896441
0.0096073598 0.0208292384
0.0083725462 0.0192784015
0.0072219705 0.0177384259
0.0061558297 0.0162107192
0.0051743066 0.0146968342
0.0042775693 0.0131985084
0.0034657715 0.0117177196
0.0027390523 0.0102567652
0.0020975362 0.0088183807
0.0015413331 0.0074059234
0.0010705384 0.0060236764
0.0006852326 0.0046773915
0.0003854819 0.0033753686
0.0001713375 0.0021309892
0.0000428362 0.0009706765
0.0000000000 0.0000000000
0.0000428362 -0.0005244977
0.0001713375 -0.0011514445
0.0003854819 -0.0018237157
0.0006852326 -0.0025269320
0.0010705384 -0.0032537461
0.0015413331 -0.0039995447
0.0020975362 -0.0047610812
0.0027390523 -0.0055358939
0.0034657715 -0.0063220144
0.0042775693 -0.0071178037
0.0051743066 -0.0079218547
0.0061558297 -0.0087329286
0.0072219705 -0.0095499131
0.0083725462 -0.0103717933
0.0096073598 -0.0111976310
0.0109261996 -0.0120265496
0.0123288397 -0.0128577227
0.0138150398 -0.0136903660
0.0153845451 -0.0145237305
0.0170370869 -0.0153570978
0.0187723818 -0.0161897761
0.0205901326 -0.0170210972
0.0224900278 -0.0178504144
0.0244717419 -0.0186771002
0.0265349353 -0.0195005452
0.0286792545 -0.0203201570
0.0309043320 -0.0211353590
0.0332097868 -0.0219455901
0.0355952236 -0.0227503041
0.0380602337 -0.0235489691
0.0406043949 -0.0243410674
0.0432272712 -0.0251260954
0.0459284131 -0.0259035631
0.0487073578 -0.0266729943
0.0515636292 -0.0274339267
0.0544967379 -0.0281859113
0.0575061813 -0.0289285129
0.0605914437 -0.0296613099
0.0637519965 -0.0303838942
0.0669872981 -0.0310958713
0.0702967942 -0.0317968605
0.0736799178 -0.0324864944
0.0771360891 -0.0331644192
0.0806647160 -0.0338302946
0.0842651938 -0.0344837936
0.0879369057 -0.0351246028
0.0916792224 -0.0357524217
0.0954915028 -0.0363669632
0.0993730937 -0.0369679529
0.1033233299 -0.0375551294
0.1073415346 -0.0381282439
0.1114270193 -0.0386870601
0.1155790840 -0.0392313539
0.1197970172 -0.0397609133
0.1240800963 -0.0402755379
0.1284275873 -0.0407750390
0.1328387453 -0.0412592392
0.1373128145 -0.0417279720
0.1418490283 -0.0421810817
0.1464466094 -0.0426184230
0.1511047701 -0.0430398606
0.1558227122 -0.0434452694
0.1605996272 -0.0438345334
0.1654346968 -0.0442075462
0.1703270924 -0.0445642101
0.1752759758 -0.0449044364
0.1802804990 -0.0452281443
0.1853398045 -0.0455352614
0.1904530253 -0.0458257233
0.1956192855 -0.0460994727
0.2008376997 -0.0463564601
0.2061073739 -0.0465966429
0.2114274050 -0.0468199854
0.2167968815 -0.0470264587
0.2222148835 -0.0472160405
0.2276804825 -0.0473887148
0.2331927420 -0.0475444717
0.2387507176 -0.0476833079
0.2443534570 -0.0478052257
0.2500000000 -0.0479102338
0.2556893793 -0.0479983466
0.2614206199 -0.0480695846
0.2671927398 -0.0481239741
0.2730047501 -0.0481615476
0.2788556549 -0.0481823434
0.2847444516 -0.0481864062
0.2906701312 -0.0481737867
0.2966316785 -0.0481445419
0.3026280718 -0.0480987355
0.3086582838 -0.0480364375
0.3147212812 -0.0479577250
0.3208160252 -0.0478626818
0.3269414715 -0.0477513992
0.3330965704 -0.0476239757
0.3392802673 -0.0474805174
0.3454915028 -0.0473211383
0.3517292125 -0.0471459606
0.3579923276 -0.0469551147
0.3642797751 -0.0467487398
0.3705904774 -0.0465269838
0.3769233535 -0.0462900037
0.3832773181 -0.0460379658
0.3896512825 -0.0457710463
0.3960441546 -0.0454894308
0.4024548390 -0.0451933152
0.4088822373 -0.0448829055
0.4153252481 -0.0445584183
0.4217827675 -0.0442200806
0.4282536890 -0.0438681304
0.4347369039 -0.0435028163
0.4412313013 -0.0431243982
0.4477357684 -0.0427331469
0.4542491907 -0.0423293445
0.4607704521 -0.0419132840
0.4672984354 -0.0414852699
0.4738320219 -0.0410456177
0.4803700921 -0.0405946540
0.4869115258 -0.0401327163
0.4934552022 -0.0396601530
0.5000000000 -0.0391773233
0.5065447978 -0.0386845968
0.5130884742 -0.0381823532
0.5196299079 -0.0376709823
0.5261679781 -0.0371508836
0.5327015646 -0.0366224659
0.5392295479 -0.0360861468
0.5457508093 -0.0355423524
0.5522642316 -0.0349915171
0.5587686987 -0.0344340825
0.5652630961 -0.0338704976
0.5717463110 -0.0333012177
0.5782172325 -0.0327267040
0.5846747519 -0.0321474231
0.5911177627 -0.0315638462
0.5975451610 -0.0309764486
0.6039558454 -0.0303857088
0.6103487175 -0.0297921082
0.6167226819 -0.0291961297
0.6230766465 -0.0285982576
0.6294095226 -0.0279989767
0.6357202249 -0.0273987712
0.6420076724 -0.0267981243
0.6482707875 -0.0261975173
0.6545084972 -0.0255974288
0.6607197327 -0.0249983339
0.6669034296 -0.0244007033
0.6730585285 -0.0238050028
0.6791839748 -0.0232116923
0.6852787188 -0.0226212252
0.6913417162 -0.0220340472
0.6973719282 -0.0214505962
0.7033683215 -0.0208713013
0.7093298688 -0.0202965818
0.7152555484 -0.0197268469
0.7211443451 -0.0191624948
0.7269952499 -0.0186039125
0.7328072602 -0.0180514743
0.7385793801 -0.0175055421
0.7443106207 -0.0169664646
0.7500000000 -0.0164345763
0.7556465430 -0.0159101977
0.7612492824 -0.0153936345
0.7668072580 -0.0148851772
0.7723195175 -0.0143851008
0.7777851165 -0.0138936642
0.7832031185 -0.0134111104
0.7885725950 -0.0129376659
0.7938926261 -0.0124735405
0.7991623003 -0.0120189271
0.8043807145 -0.0115740017
0.8095469747 -0.0111389234
0.8146601955 -0.0107138340
0.8197195010 -0.0102988583
0.8247240242 -0.0098941039
0.8296729076 -0.0094996615
0.8345653032 -0.0091156049
0.8394003728 -0.0087419912
0.8441772878 -0.0083788608
0.8488952299 -0.0080262379
0.8535533906 -0.0076841307
0.8581509717 -0.0073525314
0.8626871855 -0.0070314169
0.8671612547 -0.0067207491
0.8715724127 -0.0064204752
0.8759199037 -0.0061305281
0.8802029828 -0.0058508268
0.8844209160 -0.0055812771
0.8885729807 -0.0053217721
0.8926584654 -0.0050721923
0.8966766701 -0.0048324066
0.9006269063 -0.0046022728
0.9045084972 -0.0043816378
0.9083207776 -0.0041703388
0.9120630943 -0.0039682034
0.9157348062 -0.0037750504
0.9193352840 -0.0035906906
0.9228639109 -0.0034149269
0.9263200822 -0.0032475558
0.9297032058 -0.0030883672
0.9330127019 -0.0029371455
0.9362480035 -0.0027936703
0.9394085563 -0.0026577168
0.9424938187 -0.0025290566
0.9455032621 -0.0024074582
0.9484363708 -0.0022926879
0.9512926422 -0.0021845102
0.9540715869 -0.0020826887
0.9567727288 -0.0019869863
0.9593956051 -0.0018971661
0.9619397663 -0.0018129921
0.9644047764 -0.0017342295
0.9667902132 -0.0016606453
0.9690956680 -0.0015920094
0.9713207455 -0.0015280941
0.9734650647 -0.0014686757
0.9755282581 -0.0014135345
0.9775099722 -0.0013624552
0.9794098674 -0.0013152276
0.9812276182 -0.0012716470
0.9829629131 -0.0012315147
0.9846154549 -0.0011946383
0.9861849602 -0.0011608323
0.9876711603 -0.0011299183
0.9890738004 -0.0011017253
0.9903926402 -0.0010760904
0.9916274538 -0.0010528588
0.9927780295 -0.0010318843
0.9938441703 -0.0010130295
0.9948256934 -0.0009961660
0.9957224307 -0.0009811750
0.9965342285 -0.0009679469
0.9972609477 -0.0009563823
0.9979024638 -0.0009463914
0.9984586669 -0.0009378947
0.9989294616 -0.0009308231
0.9993147674 -0.0009251178
0.9996145181 -0.0009207305
0.9998286625 -0.0009176236
0.9999571638 -0.0009157703
1.0000000000 -0.0009151543
