CST_STATION_004
1.0000000000 0.0012099155
0.9999571638 0.0012112140
0.9998286625 0.0012151151
0.9996145181 0.0012216352
0.9993147674 0.0012308019
0.9989294616 0.0012426537
0.9984586669 0.0012572405
0.9979024638 0.0012746234
0.9972609477 0.0012948748
0.9965342285 0.0013180788
0.9957224307 0.0013443315
0.9948256934 0.0013737404
0.9938441703 0.0014064258
0.9927780295 0.0014425198
0.9916274538 0.0014821676
0.9903926402 0.0015255270
0.9890738004 0.0015727689
0.9876711603 0.0016240777
0.9861849602 0.0016796514
0.9846154549 0.0017397017
0.9829629131 0.0018044548
0.9812276182 0.0018741508
0.9794098674 0.0019490447
0.9775099722 0.0020294061
0.9755282581 0.0021155197
0.9734650647 0.0022076853
0.9713207455 0.0023062178
0.9690956680 0.0024114478
0.9667902132 0.0025237209
0.9644047764 0.0026433987
0.9619397663 0.0027708578
0.9593956051 0.0029064905
0.9567727288 0.0030507044
0.9540715869 0.0032039220
0.9512926422 0.0033665811
0.9484363708 0.0035391340
0.9455032621 0.0037220475
0.9424938187 0.0039158022
0.9394085563 0.0041208924
0.9362480035 0.0043378255
0.9330127019 0.0045671212
0.9297032058 0.0048093110
0.9263200822 0.0050649377
0.9228639109 0.0053345542
0.9193352840 0.0056187228
0.9157348062 0.0059180145
0.9120630943 0.0062330075
0.9083207776 0.0065642866
0.9045084972 0.0069124418
0.9006269063 0.0072780672
0.8966766701 0.0076617595
0.8926584654 0.0080641169
0.8885729807 0.0084857374
0.8844209160 0.0089272176
0.8802029828 0.0093891509
0.8759199037 0.0098721261
0.8715724127 0.0103767256
0.8671612547 0.0109035237
0.8626871855 0.0114530849
0.8581509717 0.0120259622
0.8535533906 0.0126226950
0.8488952299 0.0132438074
0.8441772878 0.0138898062
0.8394003728 0.0145611793
0.8345653032 0.0152583935
0.8296729076 0.0159818923
0.8247240242 0.0167320946
0.8197195010 0.0175093924
0.8146601955 0.0183141487
0.8095469747 0.0191466959
0.8043807145 0.0200073339
0.7991623003 0.0208963279
0.7938926261 0.0218139070
0.7885725950 0.0227602622
0.7832031185 0.0237355449
0.7777851165 0.0247398646
0.7723195175 0.0257732883
0.7668072580 0.0268358380
0.7612492824 0.0279274899
0.7556465430 0.0290481728
0.7500000000 0.0301977668
0.7443106207 0.0313761021
0.7385793801 0.0325829580
0.7328072602 0.0338180621
0.7269952499 0.0350810891
0.7211443451 0.0363716603
0.7152555484 0.0376893430
0.7093298688 0.0390336499
0.7033683215 0.0404040387
0.6973719282 0.0417999123
0.6913417162 0.0432206182
0.6852787188 0.0446654490
0.6791839748 0.0461336422
0.6730585285 0.0476243810
0.6669034296 0.0491367945
0.6607197327 0.0506699584
0.6545084972 0.0522228958
0.6482707875 0.0537945785
0.6420076724 0.0553839273
0.6357202249 0.0569898140
0.6294095226 0.0586110625
0.6230766465 0.0602464501
0.6167226819 0.0618947095
0.6103487175 0.0635545303
0.6039558454 0.0652245611
0.5975451610 0.0669034114
0.5911177627 0.0685896538
0.5846747519 0.0702818263
0.5782172325 0.0719784346
0.5717463110 0.0736779544
0.5652630961 0.0753788345
0.5587686987 0.0770794987
0.5522642316 0.0787783491
0.5457508093 0.0804737687
0.5392295479 0.0821641240
0.5327015646 0.0838477682
0.5261679781 0.0855230443
0.5196299079 0.0871882875
0.5130884742 0.0888418286
0.5065447978 0.0904819971
0.5000000000 0.0921071240
0.4934552022 0.0937155447
0.4869115258 0.0953056024
0.4803700921 0.0968756509
0.4738320219 0.0984240573
0.4672984354 0.0999492055
0.4607704521 0.1014494983
0.4542491907 0.1029233609
0.4477357684 0.1043692434
0.4412313013 0.1057856232
0.4347369039 0.1071710081
0.4282536890 0.1085239381
0.4217827675 0.1098429887
0.4153252481 0.1111267724
0.4088822373 0.1123739413
0.4024548390 0.1135831889
0.3960441546 0.1147532525
0.3896512825 0.1158829145
0.3832773181 0.1169710044
0.3769233535 0.1180164002
0.3705904774 0.1190180299
0.3642797751 0.1199748728
0.3579923276 0.1208859606
0.3517292125 0.1217503784
0.3454915028 0.1225672652
0.3392802673 0.1233358153
0.3330965704 0.1240552783
0.3269414715 0.1247249596
0.3208160252 0.1253442206
0.3147212812 0.1259124791
0.3086582838 0.1264292090
0.3026280718 0.1268939401
0.2966316785 0.1273062582
0.2906701312 0.1276658039
0.2847444516 0.1279722730
0.2788556549 0.1282254151
0.2730047501 0.1284250330
0.2671927398 0.1285709818
0.2614206199 0.1286631682
0.2556893793 0.1287015487
0.2500000000 0.1286861292
0.2443534570 0.1286169629
0.2387507176 0.1284941497
0.2331927420 0.1283178343
0.2276804825 0.1280882047
0.2222148835 0.1278054909
0.2167968815 0.1274699631
0.2114274050 0.1270819301
0.2061073739 0.1266417375
0.2008376997 0.1261497663
0.1956192855 0.1256064309
0.1904530253 0.1250121775
0.1853398045 0.1243674823
0.1802804990 0.1236728497
0.1752759758 0.1229288107
0.1703270924 0.1221359212
0.1654346968 0.1212947602
0.1605996272 0.1204059281
0.1558227122 0.1194700454
0.1511047701 0.1184877505
0.1464466094 0.1174596989
0.1418490283 0.1163865613
0.1373128145 0.1152690219
0.1328387453 0.1141077775
0.1284275873 0.1129035362
0.1240800963 0.1116570156
0.1197970172 0.1103689422
0.1155790840 0.1090400498
0.1114270193 0.1076710787
0.1073415346 0.1062627749
0.1033233299 0.1048158886
0.0993730937 0.1033311740
0.0954915028 0.1018093881
0.0916792224 0.1002512902
0.0879369057 0.0986576411
0.0842651938 0.0970292028
0.0806647160 0.0953667376
0.0771360891 0.0936710082
0.0736799178 0.0919427769
0.0702967942 0.0901828054
0.0669872981 0.0883918547
0.0637519965 0.0865706848
0.0605914437 0.0847200544
0.0575061813 0.0828407211
0.0544967379 0.0809334412
0.0515636292 0.0789989696
0.0487073578 0.0770380601
0.0459284131 0.0750514651
0.0432272712 0.0730399359
0.0406043949 0.0710042230
0.0380602337 0.0689450757
0.0355952236 0.0668632429
0.0332097868 0.0647594728
0.0309043320 0.0626345131
0.0286792545 0.0604891114
0.0265349353 0.0583240155
0.0244717419 0.0561399731
0.0224900278 0.0539377324
0.0205901326 0.0517180421
0.0187723818 0.0494816516
0.0170370869 0.0472293113
0.0153845451 0.0449617725
0.0138150398 0.0426797876
0.0123288397 0.0403841103
0.0109261996 0.0380754958
0.0096073598 0.0357547006
0.0083725462 0.0334224827
0.0072219705 0.0310796015
0.0061558297 0.0287268183
0.0051743066 0.0263648955
0.0042775693 0.0239945973
0.0034657715 0.0216166892
0.0027390523 0.0192319382
0.0020975362 0.0168411126
0.0015413331 0.0144449819
0.0010705384 0.0120443165
0.0006852326 0.0096398882
0.0003854819 0.0072324691
0.0001713375 0.0048228323
0.0000428362 0.0024117513
0.0000000000 0.0000000000
0.0000428362 -0.0019175302
0.0001713375 -0.0038344306
0.0003854819 -0.0057499681
0.0006852326 -0.0076634107
0.0010705384 -0.0095740281
0.0015413331 -0.0114810921
0.0020975362 -0.0133838768
0.0027390523 -0.0152816599
0.0034657715 -0.0171737223
0.0042775693 -0.0190593492
0.0051743066 -0.0209378301
0.0061558297 -0.0228084595
0.0072219705 -0.0246705373
0.0083725462 -0.0265233691
0.0096073598 -0.0283662663
0.0109261996 -0.0301985469
0.0123288397 -0.0320195354
0.0138150398 -0.0338285633
0.0153845451 -0.0356249691
0.0170370869 -0.0374080987
0.0187723818 -0.0391773056
0.0205901326 -0.0409319505
0.0224900278 -0.0426714023
0.0244717419 -0.0443950373
0.0265349353 -0.0461022399
0.0286792545 -0.0477924021
0.0309043320 -0.0494649238
0.0332097868 -0.0511192128
0.0355952236 -0.0527546843
0.0380602337 -0.0543707615
0.0406043949 -0.0559668748
0.0432272712 -0.0575424621
0.0459284131 -0.0590969685
0.0487073578 -0.0606298462
0.0515636292 -0.0621405544
0.0544967379 -0.0636285588
0.0575061813 -0.0650933320
0.0605914437 -0.0665343527
0.0637519965 -0.0679511060
0.0669872981 -0.0693430830
0.0702967942 -0.0707097805
0.0736799178 -0.0720507014
0.0771360891 -0.0733653539
0.0806647160 -0.0746532517
0.0842651938 -0.0759139140
0.0879369057 -0.0771468653
0.0916792224 -0.0783516354
0.0954915028 -0.0795277592
0.0993730937 -0.0806747769
0.1033233299 -0.0817922342
0.1073415346 -0.0828796821
0.1114270193 -0.0839366771
0.1155790840 -0.0849627814
0.1197970172 -0.0859575633
0.1240800963 -0.0869205970
0.1284275873 -0.0878514634
0.1328387453 -0.0887497501
0.1373128145 -0.0896150521
0.1418490283 -0.0904469719
0.1464466094 -0.0912451201
0.1511047701 -0.0920091161
0.1558227122 -0.0927385886
0.1605996272 -0.0934331760
0.1654346968 -0.0940925275
0.1703270924 -0.0947163035
0.1752759758 -0.0953041762
0.1802804990 -0.0958558309
0.1853398045 -0.0963709663
0.1904530253 -0.0968492958
0.1956192855 -0.0972905480
0.2008376997 -0.0976944680
0.2061073739 -0.0980608179
0.2114274050 -0.0983893781
0.2167968815 -0.0986799483
0.2222148835 -0.0989323481
0.2276804825 -0.0991464184
0.2331927420 -0.0993220222
0.2387507176 -0.0994590457
0.2443534570 -0.0995573992
0.2500000000 -0.0996170181
0.2556893793 -0.0996378637
0.2614206199 -0.0996199246
0.2671927398 -0.0995632172
0.2730047501 -0.0994677866
0.2788556549 -0.0993337078
0.2847444516 -0.0991610860
0.2906701312 -0.0989500578
0.2966316785 -0.0987007918
0.3026280718 -0.0984134890
0.3086582838 -0.0980883839
0.3147212812 -0.0977257444
0.3208160252 -0.0973258731
0.3269414715 -0.0968891067
0.3330965704 -0.0964158174
0.3392802673 -0.0959064123
0.3454915028 -0.0953613339
0.3517292125 -0.0947810603
0.3579923276 -0.0941661051
0.3642797751 -0.0935170174
0.3705904774 -0.0928343812
0.3769233535 -0.0921188159
0.3832773181 -0.0913709754
0.3896512825 -0.0905915477
0.3960441546 -0.0897812547
0.4024548390 -0.0889408510
0.4088822373 -0.0880711239
0.4153252481 -0.0871728921
0.4217827675 -0.0862470048
0.4282536890 -0.0852943410
0.4347369039 -0.0843158082
0.4412313013 -0.0833123414
0.4477357684 -0.0822849017
0.4542491907 -0.0812344750
0.4607704521 -0.0801620710
0.4672984354 -0.0790687211
0.4738320219 -0.0779554774
0.4803700921 -0.0768234107
0.4869115258 -0.0756736093
0.4934552022 -0.0745071769
0.5000000000 -0.0733252310
0.5065447978 -0.0721289013
0.5130884742 -0.0709193274
0.5196299079 -0.0696976574
0.5261679781 -0.0684650456
0.5327015646 -0.0672226511
0.5392295479 -0.0659716351
0.5457508093 -0.0647131598
0.5522642316 -0.0634483858
0.5587686987 -0.0621784705
0.5652630961 -0.0609045660
0.5717463110 -0.0596278172
0.5782172325 -0.0583493598
0.5846747519 -0.0570703188
0.5911177627 -0.0557918060
0.5975451610 -0.0545149187
0.6039558454 -0.0532407377
0.6103487175 -0.0519703256
0.6167226819 -0.0507047251
0.6230766465 -0.0494449575
0.6294095226 -0.0481920206
0.6357202249 -0.0469468881
0.6420076724 -0.0457105074
0.6482707875 -0.0444837985
0.6545084972 -0.0432676527
0.6607197327 -0.0420629314
0.6669034296 -0.0408704649
0.6730585285 -0.0396910517
0.6791839748 -0.0385254568
0.6852787188 -0.0373744117
0.6913417162 -0.0362386129
0.6973719282 -0.0351187217
0.7033683215 -0.0340153634
0.7093298688 -0.0329291269
0.7152555484 -0.0318605639
0.7211443451 -0.0308101894
0.7269952499 -0.0297784805
0.7328072602 -0.0287658772
0.7385793801 -0.0277727815
0.7443106207 -0.0267995582
0.7500000000 -0.0258465346
0.7556465430 -0.0249140009
0.7612492824 -0.0240022104
0.7668072580 -0.0231113799
0.7723195175 -0.0222416904
0.7777851165 -0.0213932874
0.7832031185 -0.0205662817
0.7885725950 -0.0197607498
0.7938926261 -0.0189767351
0.7991623003 -0.0182142484
0.8043807145 -0.0174732689
0.8095469747 -0.0167537451
0.8146601955 -0.0160555958
0.8197195010 -0.0153787113
0.8247240242 -0.0147229541
0.8296729076 -0.0140881604
0.8345653032 -0.0134741411
0.8394003728 -0.0128806831
0.8441772878 -0.0123075501
0.8488952299 -0.0117544843
0.8535533906 -0.0112212077
0.8581509717 -0.0107074229
0.8626871855 -0.0102128145
0.8671612547 -0.0097370509
0.8715724127 -0.0092797847
0.8759199037 -0.0088406548
0.8802029828 -0.0084192871
0.8844209160 -0.0080152961
0.8885729807 -0.0076282859
0.8926584654 -0.0072578516
0.8966766701 -0.0069035803
0.9006269063 -0.0065650527
0.9045084972 -0.0062418437
0.9083207776 -0.0059335240
0.9120630943 -0.0056396607
0.9157348062 -0.0053598190
0.9193352840 -0.0050935628
0.9228639109 -0.0048404557
0.9263200822 -0.0046000621
0.9297032058 -0.0043719481
0.9330127019 -0.0041556822
0.9362480035 -0.0039508365
0.9394085563 -0.0037569872
0.9424938187 -0.0035737152
0.9455032621 -0.0034006073
0.9484363708 -0.0032372565
0.9512926422 -0.0030832629
0.9540715869 -0.0029382337
0.9567727288 -0.0028017846
0.9593956051 -0.0026735396
0.9619397663 -0.0025531318
0.9644047764 -0.0024402037
0.9667902132 -0.0023344077
0.9690956680 -0.0022354064
0.9713207455 -0.0021428728
0.9734650647 -0.0020564906
0.9755282581 -0.0019759548
0.9775099722 -0.0019009714
0.9794098674 -0.0018312579
0.9812276182 -0.0017665435
0.9829629131 -0.0017065689
0.9846154549 -0.0016510869
0.9861849602 -0.0015998621
0.9876711603 -0.0015526711
0.9890738004 -0.0015093026
0.9903926402 -0.0014695576
0.9916274538 -0.0014332490
0.9927780295 -0.0014002018
0.9938441703 -0.0013702536
0.9948256934 -0.0013432536
0.9957224307 -0.0013190635
0.9965342285 -0.0012975571
0.9972609477 -0.0012786203
0.9979024638 -0.0012621509
0.9984586669 -0.0012480592
0.9989294616 -0.0012362671
0.9993147674 -0.0012267087
0.9996145181 -0.0012193303
0.9998286625 -0.0012140899
0.9999571638 -0.0012109576
1.0000000000 -0.0012099155
