CST_STATION_034
1.0000000000 0.0006705443
0.9999571638 0.0006714922
0.9998286625 0.0006743446
0.9996145181 0.0006791276
0.9993147674 0.0006858846
0.9989294616 0.0006946762
0.9984586669 0.0007055806
0.9979024638 0.0007186932
0.9972609477 0.0007341267
0.9965342285 0.0007520112
0.9957224307 0.0007724939
0.9948256934 0.0007957395
0.9938441703 0.0008219296
0.9927780295 0.0008512632
0.9916274538 0.0008839562
0.9903926402 0.0009202418
0.9890738004 0.0009603698
0.9876711603 0.0010046071
0.9861849602 0.0010532370
0.9846154549 0.0011065597
0.9829629131 0.0011648915
0.9812276182 0.0012285650
0.9794098674 0.0012979289
0.9775099722 0.0013733473
0.9755282581 0.0014552000
0.9734650647 0.0015438819
0.9713207455 0.0016398025
0.9690956680 0.0017433859
0.9667902132 0.0018550700
0.9644047764 0.0019753062
0.9619397663 0.0021045590
0.9593956051 0.0022433051
0.9567727288 0.0023920332
0.9540715869 0.0025512431
0.9512926422 0.0027214450
0.9484363708 0.0029031589
0.9455032621 0.0030969136
0.9424938187 0.0033032461
0.9394085563 0.0035227004
0.9362480035 0.0037558270
0.9330127019 0.0040031811
0.9297032058 0.0042653225
0.9263200822 0.0045428139
0.9228639109 0.0048362198
0.9193352840 0.0051461055
0.9157348062 0.0054730355
0.9120630943 0.0058175727
0.9083207776 0.0061802766
0.9045084972 0.0065617022
0.9006269063 0.0069623984
0.8966766701 0.0073829067
0.8926584654 0.0078237596
0.8885729807 0.0082854790
0.8844209160 0.0087685749
0.8802029828 0.0092735436
0.8759199037 0.0098008663
0.8715724127 0.0103510071
0.8671612547 0.0109244119
0.8626871855 0.0115215065
0.8581509717 0.0121426951
0.8535533906 0.0127883583
0.8488952299 0.0134588521
0.8441772878 0.0141545057
0.8394003728 0.0148756205
0.8345653032 0.0156224678
0.8296729076 0.0163952882
0.8247240242 0.0171942892
0.8197195010 0.0180196445
0.8146601955 0.0188714919
0.8095469747 0.0197499327
0.8043807145 0.0206550296
0.7991623003 0.0215868063
0.7938926261 0.0225452455
0.7885725950 0.0235302885
0.7832031185 0.0245418337
0.7777851165 0.0255797361
0.7723195175 0.0266438060
0.7668072580 0.0277338087
0.7612492824 0.0288494633
0.7556465430 0.0299904427
0.7500000000 0.0311563730
0.7443106207 0.0323468327
0.7385793801 0.0335613533
0.7328072602 0.0347994184
0.7269952499 0.0360604640
0.7211443451 0.0373438789
0.7152555484 0.0386490045
0.7093298688 0.0399751351
0.7033683215 0.0413215191
0.6973719282 0.0426873586
0.6913417162 0.0440718109
0.6852787188 0.0454739890
0.6791839748 0.0468929626
0.6730585285 0.0483277592
0.6669034296 0.0497773652
0.6607197327 0.0512407275
0.6545084972 0.0527167547
0.6482707875 0.0542043185
0.6420076724 0.0557022556
0.6357202249 0.0572093696
0.6294095226 0.0587244323
0.6230766465 0.0602461860
0.6167226819 0.0617733455
0.6103487175 0.0633046002
0.6039558454 0.0648386163
0.5975451610 0.0663740387
0.5911177627 0.0679094940
0.5846747519 0.0694435922
0.5782172325 0.0709749296
0.5717463110 0.0725020909
0.5652630961 0.0740236519
0.5587686987 0.0755381822
0.5522642316 0.0770442473
0.5457508093 0.0785404115
0.5392295479 0.0800252403
0.5327015646 0.0814973034
0.5261679781 0.0829551763
0.5196299079 0.0843974439
0.5130884742 0.0858227024
0.5065447978 0.0872295617
0.5000000000 0.0886166482
0.4934552022 0.0899826071
0.4869115258 0.0913261045
0.4803700921 0.0926458296
0.4738320219 0.0939404973
0.4672984354 0.0952088499
0.4607704521 0.0964496596
0.4542491907 0.0976617296
0.4477357684 0.0988438969
0.4412313013 0.0999950332
0.4347369039 0.1011140474
0.4282536890 0.1021998860
0.4217827675 0.1032515357
0.4153252481 0.1042680237
0.4088822373 0.1052484196
0.4024548390 0.1061918358
0.3960441546 0.1070974290
0.3896512825 0.1079644005
0.3832773181 0.1087919972
0.3769233535 0.1095795121
0.3705904774 0.1103262845
0.3642797751 0.1110317003
0.3579923276 0.1116951925
0.3517292125 0.1123162406
0.3454915028 0.1128943714
0.3392802673 0.1134291577
0.3330965704 0.1139202188
0.3269414715 0.1143672198
0.3208160252 0.1147698708
0.3147212812 0.1151279267
0.3086582838 0.1154411859
0.3026280718 0.1157094898
0.2966316785 0.1159327218
0.2906701312 0.1161108061
0.2847444516 0.1162437068
0.2788556549 0.1163314265
0.2730047501 0.1163740051
0.2671927398 0.1163715187
0.2614206199 0.1163240778
0.2556893793 0.1162318261
0.2500000000 0.1160949394
0.2443534570 0.1159136235
0.2387507176 0.1156881129
0.2331927420 0.1154186696
0.2276804825 0.1151055810
0.2222148835 0.1147491588
0.2167968815 0.1143497373
0.2114274050 0.1139076719
0.2061073739 0.1134233374
0.2008376997 0.1128971268
0.1956192855 0.1123294498
0.1904530253 0.1117207309
0.1853398045 0.1110714088
0.1802804990 0.1103819345
0.1752759758 0.1096527701
0.1703270924 0.1088843875
0.1654346968 0.1080772677
0.1605996272 0.1072318990
0.1558227122 0.1063487764
0.1511047701 0.1054284004
0.1464466094 0.1044712765
0.1418490283 0.1034779137
0.1373128145 0.1024488242
0.1328387453 0.1013845227
0.1284275873 0.1002855255
0.1240800963 0.0991523505
0.1197970172 0.0979855162
0.1155790840 0.0967855414
0.1114270193 0.0955529453
0.1073415346 0.0942882469
0.1033233299 0.0929919650
0.0993730937 0.0916646179
0.0954915028 0.0903067237
0.0916792224 0.0889188000
0.0879369057 0.0875013644
0.0842651938 0.0860549341
0.0806647160 0.0845800268
0.0771360891 0.0830771602
0.0736799178 0.0815468529
0.0702967942 0.0799896246
0.0669872981 0.0784059962
0.0637519965 0.0767964905
0.0605914437 0.0751616325
0.0575061813 0.0735019498
0.0544967379 0.0718179732
0.0515636292 0.0701102371
0.0487073578 0.0683792799
0.0459284131 0.0666256448
0.0432272712 0.0648498797
0.0406043949 0.0630525380
0.0380602337 0.0612341794
0.0355952236 0.0593953696
0.0332097868 0.0575366810
0.0309043320 0.0556586935
0.0286792545 0.0537619942
0.0265349353 0.0518471781
0.0244717419 0.0499148482
0.0224900278 0.0479656159
0.0205901326 0.0460001011
0.0187723818 0.0440189322
0.0170370869 0.0420227464
0.0153845451 0.0400121899
0.0138150398 0.0379879175
0.0123288397 0.0359505928
0.0109261996 0.0339008881
0.0096073598 0.0318394842
0.0083725462 0.0297670701
0.0072219705 0.0276843432
0.0061558297 0.0255920084
0.0051743066 0.0234907781
0.0042775693 0.0213813718
0.0034657715 0.0192645157
0.0027390523 0.0171409419
0.0020975362 0.0150113886
0.0015413331 0.0128765986
0.0010705384 0.0107373198
0.0006852326 0.0085943036
0.0003854819 0.0064483050
0.0001713375 0.0043000815
0.0000428362 0.0021503929
0.0000000000 0.0000000000
0.0000428362 -0.0016548597
0.0001713375 -0.0033091189
0.0003854819 -0.0049621205
0.0006852326 -0.0066132085
0.0010705384 -0.0082617293
0.0015413331 -0.0099070320
0.0020975362 -0.0115484692
0.0027390523 -0.0131853974
0.0034657715 -0.0148171780
0.0042775693 -0.0164431779
0.0051743066 -0.0180627698
0.0061558297 -0.0196753328
0.0072219705 -0.0212802532
0.0083725462 -0.0228769247
0.0096073598 -0.0244647490
0.0109261996 -0.0260431360
0.0123288397 -0.0276115045
0.0138150398 -0.0291692824
0.0153845451 -0.0307159067
0.0170370869 -0.0322508240
0.0187723818 -0.0337734909
0.0205901326 -0.0352833736
0.0224900278 -0.0367799484
0.0244717419 -0.0382627018
0.0265349353 -0.0397311302
0.0286792545 -0.0411847400
0.0309043320 -0.0426230477
0.0332097868 -0.0440455795
0.0355952236 -0.0454518714
0.0380602337 -0.0468414689
0.0406043949 -0.0482139265
0.0432272712 -0.0495688081
0.0459284131 -0.0509056860
0.0487073578 -0.0522241411
0.0515636292 -0.0535237621
0.0544967379 -0.0548041456
0.0575061813 -0.0560648956
0.0605914437 -0.0573056227
0.0637519965 -0.0585259442
0.0669872981 -0.0597254835
0.0702967942 -0.0609038699
0.0736799178 -0.0620607375
0.0771360891 -0.0631957259
0.0806647160 -0.0643084787
0.0842651938 -0.0653986440
0.0879369057 -0.0664658734
0.0916792224 -0.0675098221
0.0954915028 -0.0685301485
0.0993730937 -0.0695265135
0.1033233299 -0.0704985811
0.1073415346 -0.0714460172
0.1114270193 -0.0723684903
0.1155790840 -0.0732656707
0.1197970172 -0.0741372308
0.1240800963 -0.0749828451
0.1284275873 -0.0758021898
0.1328387453 -0.0765949433
0.1373128145 -0.0773607861
0.1418490283 -0.0780994010
0.1464466094 -0.0788104732
0.1511047701 -0.0794936909
0.1558227122 -0.0801487454
0.1605996272 -0.0807753315
0.1654346968 -0.0813731479
0.1703270924 -0.0819418979
0.1752759758 -0.0824812897
0.1802804990 -0.0829910372
0.1853398045 -0.0834708607
0.1904530253 -0.0839204874
0.1956192855 -0.0843396522
0.2008376997 -0.0847280988
0.2061073739 -0.0850855800
0.2114274050 -0.0854118590
0.2167968815 -0.0857067104
0.2222148835 -0.0859699207
0.2276804825 -0.0862012896
0.2331927420 -0.0864006307
0.2387507176 -0.0865677732
0.2443534570 -0.0867025619
0.2500000000 -0.0868048592
0.2556893793 -0.0868745454
0.2614206199 -0.0869115203
0.2671927398 -0.0869157039
0.2730047501 -0.0868870375
0.2788556549 -0.0868254847
0.2847444516 -0.0867310325
0.2906701312 -0.0866036921
0.2966316785 -0.0864434999
0.3026280718 -0.0862505183
0.3086582838 -0.0860248367
0.3147212812 -0.0857665723
0.3208160252 -0.0854758707
0.3269414715 -0.0851529068
0.3330965704 -0.0847978851
0.3392802673 -0.0844110406
0.3454915028 -0.0839926393
0.3517292125 -0.0835429785
0.3579923276 -0.0830623870
0.3642797751 -0.0825512258
0.3705904774 -0.0820098879
0.3769233535 -0.0814387988
0.3832773181 -0.0808384161
0.3896512825 -0.0802092299
0.3960441546 -0.0795517622
0.4024548390 -0.0788665670
0.4088822373 -0.0781542298
0.4153252481 -0.0774153676
0.4217827675 -0.0766506275
0.4282536890 -0.0758606871
0.4347369039 -0.0750462532
0.4412313013 -0.0742080614
0.4477357684 -0.0733468747
0.4542491907 -0.0724634832
0.4607704521 -0.0715587028
0.4672984354 -0.0706333739
0.4738320219 -0.0696883606
0.4803700921 -0.0687245492
0.4869115258 -0.0677428467
0.4934552022 -0.0667441800
0.5000000000 -0.0657294938
0.5065447978 -0.0646997495
0.5130884742 -0.0636559235
0.5196299079 -0.0625990054
0.5261679781 -0.0615299968
0.5327015646 -0.0604499091
0.5392295479 -0.0593597621
0.5457508093 -0.0582605822
0.5522642316 -0.0571534003
0.5587686987 -0.0560392505
0.5652630961 -0.0549191679
0.5717463110 -0.0537941870
0.5782172325 -0.0526653398
0.5846747519 -0.0515336538
0.5911177627 -0.0504001507
0.5975451610 -0.0492658440
0.6039558454 -0.0481317379
0.6103487175 -0.0469988248
0.6167226819 -0.0458680843
0.6230766465 -0.0447404811
0.6294095226 -0.0436169636
0.6357202249 -0.0424984623
0.6420076724 -0.0413858880
0.6482707875 -0.0402801308
0.6545084972 -0.0391820584
0.6607197327 -0.0380925148
0.6669034296 -0.0370123189
0.6730585285 -0.0359422638
0.6791839748 -0.0348831149
0.6852787188 -0.0338356097
0.6913417162 -0.0328004559
0.6973719282 -0.0317783315
0.7033683215 -0.0307698833
0.7093298688 -0.0297757262
0.7152555484 -0.0287964430
0.7211443451 -0.0278325834
0.7269952499 -0.0268846641
0.7328072602 -0.0259531675
0.7385793801 -0.0250385424
0.7443106207 -0.0241412032
0.7500000000 -0.0232615299
0.7556465430 -0.0223998683
0.7612492824 -0.0215565298
0.7668072580 -0.0207317914
0.7723195175 -0.0199258964
0.7777851165 -0.0191390542
0.7832031185 -0.0183714411
0.7885725950 -0.0176232004
0.7938926261 -0.0168944430
0.7991623003 -0.0161852481
0.8043807145 -0.0154956637
0.8095469747 -0.0148257074
0.8146601955 -0.0141753672
0.8197195010 -0.0135446021
0.8247240242 -0.0129333434
0.8296729076 -0.0123414949
0.8345653032 -0.0117689347
0.8394003728 -0.0112155157
0.8441772878 -0.0106810665
0.8488952299 -0.0101653931
0.8535533906 -0.0096682792
0.8581509717 -0.0091894878
0.8626871855 -0.0087287625
0.8671612547 -0.0082858281
0.8715724127 -0.0078603920
0.8759199037 -0.0074521457
0.8802029828 -0.0070607656
0.8844209160 -0.0066859141
0.8885729807 -0.0063272411
0.8926584654 -0.0059843850
0.8966766701 -0.0056569738
0.9006269063 -0.0053446264
0.9045084972 -0.0050469535
0.9083207776 -0.0047635592
0.9120630943 -0.0044940412
0.9157348062 -0.0042379930
0.9193352840 -0.0039950040
0.9228639109 -0.0037646609
0.9263200822 -0.0035465489
0.9297032058 -0.0033402522
0.9330127019 -0.0031453552
0.9362480035 -0.0029614435
0.9394085563 -0.0027881045
0.9424938187 -0.0026249282
0.9455032621 -0.0024715084
0.9484363708 -0.0023274430
0.9512926422 -0.0021923349
0.9540715869 -0.0020657927
0.9567727288 -0.0019474313
0.9593956051 -0.0018368727
0.9619397663 -0.0017337460
0.9644047764 -0.0016376886
0.9667902132 -0.0015483464
0.9690956680 -0.0014653742
0.9713207455 -0.0013884363
0.9734650647 -0.0013172068
0.9755282581 -0.0012513699
0.9775099722 -0.0011906203
0.9794098674 -0.0011346637
0.9812276182 -0.0010832168
0.9829629131 -0.0010360075
0.9846154549 -0.0009927756
0.9861849602 -0.0009532724
0.9876711603 -0.0009172614
0.9890738004 -0.0008845180
0.9903926402 -0.0008548301
0.9916274538 -0.0008279979
0.9927780295 -0.0008038341
0.9938441703 -0.0007821640
0.9948256934 -0.0007628257
0.9957224307 -0.0007456699
0.9965342285 -0.0007305604
0.9972609477 -0.0007173734
0.9979024638 -0.0007059985
0.9984586669 -0.0006963380
0.9989294616 -0.0006883071
0.9993147674 -0.0006818342
0.9996145181 -0.0006768606
0.9998286625 -0.0006733406
0.9999571638 -0.0006712417
1.0000000000 -0.0006705443
