CST_STATION_020
1.0000000000 0.0009140121
0.9999571638 0.0009150487
0.9998286625 0.0009181660
0.9996145181 0.0009233871
0.9993147674 0.0009307502
0.9989294616 0.0009403089
0.9984586669 0.0009521321
0.9979024638 0.0009663042
0.9972609477 0.0009829250
0.9965342285 0.0010021096
0.9957224307 0.0010239888
0.9948256934 0.0010487086
0.9938441703 0.0010764310
0.9927780295 0.0011073332
0.9916274538 0.0011416082
0.9903926402 0.0011794647
0.9890738004 0.0012211270
0.9876711603 0.0012668349
0.9861849602 0.0013168443
0.9846154549 0.0013714263
0.9829629131 0.0014308677
0.9812276182 0.0014954710
0.9794098674 0.0015655541
0.9775099722 0.0016414500
0.9755282581 0.0017235072
0.9734650647 0.0018120892
0.9713207455 0.0019075741
0.9690956680 0.0020103548
0.9667902132 0.0021208386
0.9644047764 0.0022394465
0.9619397663 0.0023666134
0.9593956051 0.0025027874
0.9567727288 0.0026484294
0.9540715869 0.0028040125
0.9512926422 0.0029700217
0.9484363708 0.0031469531
0.9455032621 0.0033353133
0.9424938187 0.0035356187
0.9394085563 0.0037483948
0.9362480035 0.0039741752
0.9330127019 0.0042135008
0.9297032058 0.0044669193
0.9263200822 0.0047349833
0.9228639109 0.0050182502
0.9193352840 0.0053172804
0.9157348062 0.0056326367
0.9120630943 0.0059648827
0.9083207776 0.0063145816
0.9045084972 0.0066822951
0.9006269063 0.0070685818
0.8966766701 0.0074739959
0.8926584654 0.0078990858
0.8885729807 0.0083443926
0.8844209160 0.0088104484
0.8802029828 0.0092977751
0.8759199037 0.0098068823
0.8715724127 0.0103382662
0.8671612547 0.0108924076
0.8626871855 0.0114697703
0.8581509717 0.0120707999
0.8535533906 0.0126959211
0.8488952299 0.0133455372
0.8441772878 0.0140200275
0.8394003728 0.0147197462
0.8345653032 0.0154450203
0.8296729076 0.0161961484
0.8247240242 0.0169733988
0.8197195010 0.0177770078
0.8146601955 0.0186071786
0.8095469747 0.0194640792
0.8043807145 0.0203478416
0.7991623003 0.0212585597
0.7938926261 0.0221962884
0.7885725950 0.0231610424
0.7832031185 0.0241527943
0.7777851165 0.0251714745
0.7723195175 0.0262169691
0.7668072580 0.0272891196
0.7612492824 0.0283877219
0.7556465430 0.0295125253
0.7500000000 0.0306632320
0.7443106207 0.0318394963
0.7385793801 0.0330409246
0.7328072602 0.0342670745
0.7269952499 0.0355174549
0.7211443451 0.0367915255
0.7152555484 0.0380886973
0.7093298688 0.0394083325
0.7033683215 0.0407497445
0.6973719282 0.0421121985
0.6913417162 0.0434949120
0.6852787188 0.0448970555
0.6791839748 0.0463177529
0.6730585285 0.0477560827
0.6669034296 0.0492110788
0.6607197327 0.0506817319
0.6545084972 0.0521669903
0.6482707875 0.0536657617
0.6420076724 0.0551769145
0.6357202249 0.0566992792
0.6294095226 0.0582316505
0.6230766465 0.0597727888
0.6167226819 0.0613214222
0.6103487175 0.0628762486
0.6039558454 0.0644359375
0.5975451610 0.0659991327
0.5911177627 0.0675644539
0.5846747519 0.0691304998
0.5782172325 0.0706958497
0.5717463110 0.0722590665
0.5652630961 0.0738186991
0.5587686987 0.0753732848
0.5522642316 0.0769213521
0.5457508093 0.0784614231
0.5392295479 0.0799920163
0.5327015646 0.0815116491
0.5261679781 0.0830188407
0.5196299079 0.0845121144
0.5130884742 0.0859900007
0.5065447978 0.0874510394
0.5000000000 0.0888937824
0.4934552022 0.0903167966
0.4869115258 0.0917186657
0.4803700921 0.0930979933
0.4738320219 0.0944534048
0.4672984354 0.0957835503
0.4607704521 0.0970871061
0.4542491907 0.0983627776
0.4477357684 0.0996093008
0.4412313013 0.1008254447
0.4347369039 0.1020100131
0.4282536890 0.1031618460
0.4217827675 0.1042798219
0.4153252481 0.1053628589
0.4088822373 0.1064099164
0.4024548390 0.1074199962
0.3960441546 0.1083921439
0.3896512825 0.1093254498
0.3832773181 0.1102190501
0.3769233535 0.1110721272
0.3705904774 0.1118839112
0.3642797751 0.1126536795
0.3579923276 0.1133807579
0.3517292125 0.1140645209
0.3454915028 0.1147043911
0.3392802673 0.1152998404
0.3330965704 0.1158503887
0.3269414715 0.1163556045
0.3208160252 0.1168151045
0.3147212812 0.1172285527
0.3086582838 0.1175956601
0.3026280718 0.1179161842
0.2966316785 0.1181899279
0.2906701312 0.1184167388
0.2847444516 0.1185965083
0.2788556549 0.1187291703
0.2730047501 0.1188147005
0.2671927398 0.1188531145
0.2614206199 0.1188444674
0.2556893793 0.1187888517
0.2500000000 0.1186863963
0.2443534570 0.1185372650
0.2387507176 0.1183416552
0.2331927420 0.1180997960
0.2276804825 0.1178119469
0.2222148835 0.1174783964
0.2167968815 0.1170994602
0.2114274050 0.1166754797
0.2061073739 0.1162068206
0.2008376997 0.1156938709
0.1956192855 0.1151370401
0.1904530253 0.1145367571
0.1853398045 0.1138934688
0.1802804990 0.1132076388
0.1752759758 0.1124797461
0.1703270924 0.1117102833
0.1654346968 0.1108997559
0.1605996272 0.1100486804
0.1558227122 0.1091575835
0.1511047701 0.1082270009
0.1464466094 0.1072574762
0.1418490283 0.1062495596
0.1373128145 0.1052038077
0.1328387453 0.1041207816
0.1284275873 0.1030010470
0.1240800963 0.1018451730
0.1197970172 0.1006537317
0.1155790840 0.0994272973
0.1114270193 0.0981664458
0.1073415346 0.0968717547
0.1033233299 0.0955438022
0.0993730937 0.0941831675
0.0954915028 0.0927904302
0.0916792224 0.0913661699
0.0879369057 0.0899109667
0.0842651938 0.0884254009
0.0806647160 0.0869100527
0.0771360891 0.0853655028
0.0736799178 0.0837923322
0.0702967942 0.0821911225
0.0669872981 0.0805624558
0.0637519965 0.0789069155
0.0605914437 0.0772250861
0.0575061813 0.0755175537
0.0544967379 0.0737849063
0.0515636292 0.0720277340
0.0487073578 0.0702466297
0.0459284131 0.0684421891
0.0432272712 0.0666150112
0.0406043949 0.0647656989
0.0380602337 0.0628948589
0.0355952236 0.0610031024
0.0332097868 0.0590910455
0.0309043320 0.0571593091
0.0286792545 0.0552085197
0.0265349353 0.0532393093
0.0244717419 0.0512523159
0.0224900278 0.0492481837
0.0205901326 0.0472275631
0.0187723818 0.0451911111
0.0170370869 0.0431394911
0.0153845451 0.0410733733
0.0138150398 0.0389934348
0.0123288397 0.0369003591
0.0109261996 0.0347948366
0.0096073598 0.0326775641
0.0083725462 0.0305492450
0.0072219705 0.0284105890
0.0061558297 0.0262623118
0.0051743066 0.0241051350
0.0042775693 0.0219397857
0.0034657715 0.0197669963
0.0027390523 0.0175875040
0.0020975362 0.0154020505
0.0015413331 0.0132113815
0.0010705384 0.0110162465
0.0006852326 0.0088173979
0.0003854819 0.0066155909
0.0001713375 0.0044115828
0.0000428362 0.0022061325
0.0000000000 0.0000000000
0.0000428362 -0.0017180191
0.0001713375 -0.0034354382
0.0003854819 -0.0051515796
0.0006852326 -0.0068657671
0.0010705384 -0.0085773261
0.0015413331 -0.0102855850
0.0020975362 -0.0119898749
0.0027390523 -0.0136895312
0.0034657715 -0.0153838933
0.0042775693 -0.0170723058
0.0051743066 -0.0187541188
0.0061558297 -0.0204286884
0.0072219705 -0.0220953769
0.0083725462 -0.0237535541
0.0096073598 -0.0254025968
0.0109261996 -0.0270418896
0.0123288397 -0.0286708254
0.0138150398 -0.0302888052
0.0153845451 -0.0318952389
0.0170370869 -0.0334895454
0.0187723818 -0.0350711524
0.0205901326 -0.0366394971
0.0224900278 -0.0381940259
0.0244717419 -0.0397341948
0.0265349353 -0.0412594691
0.0286792545 -0.0427693235
0.0309043320 -0.0442632423
0.0332097868 -0.0457407189
0.0355952236 -0.0472012559
0.0380602337 -0.0486443650
0.0406043949 -0.0500695667
0.0432272712 -0.0514763903
0.0459284131 -0.0528643732
0.0487073578 -0.0542330612
0.0515636292 -0.0555820079
0.0544967379 -0.0569107743
0.0575061813 -0.0582189289
0.0605914437 -0.0595060470
0.0637519965 -0.0607717106
0.0669872981 -0.0620155079
0.0702967942 -0.0632370331
0.0736799178 -0.0644358861
0.0771360891 -0.0656116721
0.0806647160 -0.0667640012
0.0842651938 -0.0678924884
0.0879369057 -0.0689967531
0.0916792224 -0.0700764190
0.0954915028 -0.0711311137
0.0993730937 -0.0721604686
0.1033233299 -0.0731641188
0.1073415346 -0.0741417031
0.1114270193 -0.0750928634
0.1155790840 -0.0760172452
0.1197970172 -0.0769144975
0.1240800963 -0.0777842725
0.1284275873 -0.0786262261
0.1328387453 -0.0794400177
0.1373128145 -0.0802253108
0.1418490283 -0.0809817727
0.1464466094 -0.0817090753
0.1511047701 -0.0824068950
0.1558227122 -0.0830749135
0.1605996272 -0.0837128180
0.1654346968 -0.0843203017
0.1703270924 -0.0848970642
0.1752759758 -0.0854428126
0.1802804990 -0.0859572617
0.1853398045 -0.0864401347
0.1904530253 -0.0868911640
0.1956192855 -0.0873100922
0.2008376997 -0.0876966725
0.2061073739 -0.0880506699
0.2114274050 -0.0883718618
0.2167968815 -0.0886600390
0.2222148835 -0.0889150067
0.2276804825 -0.0891365855
0.2331927420 -0.0893246120
0.2387507176 -0.0894789403
0.2443534570 -0.0895994426
0.2500000000 -0.0896860103
0.2556893793 -0.0897385549
0.2614206199 -0.0897570094
0.2671927398 -0.0897413286
0.2730047501 -0.0896914906
0.2788556549 -0.0896074974
0.2847444516 -0.0894893760
0.2906701312 -0.0893371793
0.2966316785 -0.0891509867
0.3026280718 -0.0889309051
0.3086582838 -0.0886770696
0.3147212812 -0.0883896443
0.3208160252 -0.0880688228
0.3269414715 -0.0877148288
0.3330965704 -0.0873279167
0.3392802673 -0.0869083722
0.3454915028 -0.0864565122
0.3517292125 -0.0859726859
0.3579923276 -0.0854572743
0.3642797751 -0.0849106907
0.3705904774 -0.0843333811
0.3769233535 -0.0837258234
0.3832773181 -0.0830885281
0.3896512825 -0.0824220377
0.3960441546 -0.0817269267
0.4024548390 -0.0810038011
0.4088822373 -0.0802532979
0.4153252481 -0.0794760847
0.4217827675 -0.0786728593
0.4282536890 -0.0778443485
0.4347369039 -0.0769913079
0.4412313013 -0.0761145204
0.4477357684 -0.0752147959
0.4542491907 -0.0742929699
0.4607704521 -0.0733499025
0.4672984354 -0.0723864769
0.4738320219 -0.0714035989
0.4803700921 -0.0704021948
0.4869115258 -0.0693832104
0.4934552022 -0.0683476095
0.5000000000 -0.0672963722
0.5065447978 -0.0662304938
0.5130884742 -0.0651509827
0.5196299079 -0.0640588588
0.5261679781 -0.0629551523
0.5327015646 -0.0618409014
0.5392295479 -0.0607171508
0.5457508093 -0.0595849499
0.5522642316 -0.0584453509
0.5587686987 -0.0572994074
0.5652630961 -0.0561481720
0.5717463110 -0.0549926948
0.5782172325 -0.0538340217
0.5846747519 -0.0526731924
0.5911177627 -0.0515112387
0.5975451610 -0.0503491826
0.6039558454 -0.0491880350
0.6103487175 -0.0480287934
0.6167226819 -0.0468724407
0.6230766465 -0.0457199434
0.6294095226 -0.0445722500
0.6357202249 -0.0434302895
0.6420076724 -0.0422949700
0.6482707875 -0.0411671772
0.6545084972 -0.0400477731
0.6607197327 -0.0389375947
0.6669034296 -0.0378374529
0.6730585285 -0.0367481310
0.6791839748 -0.0356703843
0.6852787188 -0.0346049385
0.6913417162 -0.0335524889
0.6973719282 -0.0325137000
0.7033683215 -0.0314892042
0.7093298688 -0.0304796016
0.7152555484 -0.0294854592
0.7211443451 -0.0285073104
0.7269952499 -0.0275456549
0.7328072602 -0.0266009579
0.7385793801 -0.0256736504
0.7443106207 -0.0247641286
0.7500000000 -0.0238727544
0.7556465430 -0.0229998549
0.7612492824 -0.0221457227
0.7668072580 -0.0213106163
0.7723195175 -0.0204947600
0.7777851165 -0.0196983448
0.7832031185 -0.0189215282
0.7885725950 -0.0181644350
0.7938926261 -0.0174271581
0.7991623003 -0.0167097586
0.8043807145 -0.0160122671
0.8095469747 -0.0153346837
0.8146601955 -0.0146769797
0.8197195010 -0.0140390978
0.8247240242 -0.0134209531
0.8296729076 -0.0128224342
0.8345653032 -0.0122434043
0.8394003728 -0.0116837020
0.8441772878 -0.0111431422
0.8488952299 -0.0106215179
0.8535533906 -0.0101186002
0.8581509717 -0.0096341407
0.8626871855 -0.0091678715
0.8671612547 -0.0087195071
0.8715724127 -0.0082887453
0.8759199037 -0.0078752684
0.8802029828 -0.0074787444
0.8844209160 -0.0070988282
0.8885729807 -0.0067351626
0.8926584654 -0.0063873798
0.8966766701 -0.0060551021
0.9006269063 -0.0057379436
0.9045084972 -0.0054355106
0.9083207776 -0.0051474035
0.9120630943 -0.0048732172
0.9157348062 -0.0046125425
0.9193352840 -0.0043649672
0.9228639109 -0.0041300767
0.9263200822 -0.0039074555
0.9297032058 -0.0036966877
0.9330127019 -0.0034973580
0.9362480035 -0.0033090528
0.9394085563 -0.0031313607
0.9424938187 -0.0029638736
0.9455032621 -0.0028061873
0.9484363708 -0.0026579022
0.9512926422 -0.0025186240
0.9540715869 -0.0023879645
0.9567727288 -0.0022655421
0.9593956051 -0.0021509822
0.9619397663 -0.0020439181
0.9644047764 -0.0019439913
0.9667902132 -0.0018508520
0.9690956680 -0.0017641595
0.9713207455 -0.0016835825
0.9734650647 -0.0016087999
0.9755282581 -0.0015395006
0.9775099722 -0.0014753842
0.9794098674 -0.0014161611
0.9812276182 -0.0013615527
0.9829629131 -0.0013112918
0.9846154549 -0.0012651228
0.9861849602 -0.0012228017
0.9876711603 -0.0011840963
0.9890738004 -0.0011487868
0.9903926402 -0.0011166650
0.9916274538 -0.0010875352
0.9927780295 -0.0010612142
0.9938441703 -0.0010375310
0.9948256934 -0.0010163270
0.9957224307 -0.0009974564
0.9965342285 -0.0009807858
0.9972609477 -0.0009661944
0.9979024638 -0.0009535743
0.9984586669 -0.0009428299
0.9989294616 -0.0009338785
0.9993147674 -0.0009266502
0.9996145181 -0.0009210876
0.9998286625 -0.0009171462
0.9999571638 -0.0009147940
1.0000000000 -0.0009140121
