CST_STATION_033
1.0000000000 0.0006590301
0.9999571638 0.0006599701
0.9998286625 0.0006627989
0.9996145181 0.0006675428
0.9993147674 0.0006742456
0.9989294616 0.0006829686
0.9984586669 0.0006937907
0.9979024638 0.0007068082
0.9972609477 0.0007221351
0.9965342285 0.0007399025
0.9957224307 0.0007602592
0.9948256934 0.0007833713
0.9938441703 0.0008094222
0.9927780295 0.0008386126
0.9916274538 0.0008711605
0.9903926402 0.0009073010
0.9890738004 0.0009472861
0.9876711603 0.0009913849
0.9861849602 0.0010398832
0.9846154549 0.0010930833
0.9829629131 0.0011513041
0.9812276182 0.0012148808
0.9794098674 0.0012841645
0.9775099722 0.0013595219
0.9755282581 0.0014413354
0.9734650647 0.0015300024
0.9713207455 0.0016259351
0.9690956680 0.0017295599
0.9667902132 0.0018413173
0.9644047764 0.0019616611
0.9619397663 0.0020910582
0.9593956051 0.0022299875
0.9567727288 0.0023789398
0.9540715869 0.0025384170
0.9512926422 0.0027089313
0.9484363708 0.0028910043
0.9455032621 0.0030851667
0.9424938187 0.0032919567
0.9394085563 0.0035119198
0.9362480035 0.0037456074
0.9330127019 0.0039935758
0.9297032058 0.0042563853
0.9263200822 0.0045345992
0.9228639109 0.0048287822
0.9193352840 0.0051394995
0.9157348062 0.0054673155
0.9120630943 0.0058127926
0.9083207776 0.0061764895
0.9045084972 0.0065589601
0.9006269063 0.0069607520
0.8966766701 0.0073824053
0.8926584654 0.0078244504
0.8885729807 0.0082874072
0.8844209160 0.0087717832
0.8802029828 0.0092780721
0.8759199037 0.0098067519
0.8715724127 0.0103582837
0.8671612547 0.0109331098
0.8626871855 0.0115316522
0.8581509717 0.0121543108
0.8535533906 0.0128014621
0.8488952299 0.0134734574
0.8441772878 0.0141706212
0.8394003728 0.0148932495
0.8345653032 0.0156416088
0.8296729076 0.0164159337
0.8247240242 0.0172164264
0.8197195010 0.0180432544
0.8146601955 0.0188965496
0.8095469747 0.0197764069
0.8043807145 0.0206828829
0.7991623003 0.0216159946
0.7938926261 0.0225757182
0.7885725950 0.0235619883
0.7832031185 0.0245746966
0.7777851165 0.0256136912
0.7723195175 0.0266787756
0.7668072580 0.0277697083
0.7612492824 0.0288862016
0.7556465430 0.0300279216
0.7500000000 0.0311944876
0.7443106207 0.0323854716
0.7385793801 0.0336003985
0.7328072602 0.0348387454
0.7269952499 0.0360999422
0.7211443451 0.0373833715
0.7152555484 0.0386883686
0.7093298688 0.0400142225
0.7033683215 0.0413601758
0.6973719282 0.0427254255
0.6913417162 0.0441091241
0.6852787188 0.0455103797
0.6791839748 0.0469282578
0.6730585285 0.0483617819
0.6669034296 0.0498099348
0.6607197327 0.0512716601
0.6545084972 0.0527458634
0.6482707875 0.0542314139
0.6420076724 0.0557271465
0.6357202249 0.0572318627
0.6294095226 0.0587443333
0.6230766465 0.0602632997
0.6167226819 0.0617874766
0.6103487175 0.0633155533
0.6039558454 0.0648461965
0.5975451610 0.0663780524
0.5911177627 0.0679097490
0.5846747519 0.0694398984
0.5782172325 0.0709670992
0.5717463110 0.0724899392
0.5652630961 0.0740069976
0.5587686987 0.0755168479
0.5522642316 0.0770180599
0.5457508093 0.0785092029
0.5392295479 0.0799888476
0.5327015646 0.0814555692
0.5261679781 0.0829079497
0.5196299079 0.0843445803
0.5130884742 0.0857640641
0.5065447978 0.0871650186
0.5000000000 0.0885460778
0.4934552022 0.0899058949
0.4869115258 0.0912431443
0.4803700921 0.0925565242
0.4738320219 0.0938447582
0.4672984354 0.0951065982
0.4607704521 0.0963408256
0.4542491907 0.0975462536
0.4477357684 0.0987217290
0.4412313013 0.0998661338
0.4347369039 0.1009783868
0.4282536890 0.1020574455
0.4217827675 0.1031023067
0.4153252481 0.1041120083
0.4088822373 0.1050856305
0.4024548390 0.1060222965
0.3960441546 0.1069211735
0.3896512825 0.1077814735
0.3832773181 0.1086024541
0.3769233535 0.1093834187
0.3705904774 0.1101237169
0.3642797751 0.1108227450
0.3579923276 0.1114799460
0.3517292125 0.1120948095
0.3454915028 0.1126668717
0.3392802673 0.1131957152
0.3330965704 0.1136809685
0.3269414715 0.1141223056
0.3208160252 0.1145194453
0.3147212812 0.1148721509
0.3086582838 0.1151802289
0.3026280718 0.1154435283
0.2966316785 0.1156619401
0.2906701312 0.1158353953
0.2847444516 0.1159638646
0.2788556549 0.1160473568
0.2730047501 0.1160859178
0.2671927398 0.1160796288
0.2614206199 0.1160286055
0.2556893793 0.1159329961
0.2500000000 0.1157929804
0.2443534570 0.1156087678
0.2387507176 0.1153805961
0.2331927420 0.1151087301
0.2276804825 0.1147934595
0.2222148835 0.1144350979
0.2167968815 0.1140339810
0.2114274050 0.1135904652
0.2061073739 0.1131049259
0.2008376997 0.1125777563
0.1956192855 0.1120093657
0.1904530253 0.1114001781
0.1853398045 0.1107506310
0.1802804990 0.1100611739
0.1752759758 0.1093322671
0.1703270924 0.1085643804
0.1654346968 0.1077579922
0.1605996272 0.1069135878
0.1558227122 0.1060316592
0.1511047701 0.1051127033
0.1464466094 0.1041572216
0.1418490283 0.1031657192
0.1373128145 0.1021387040
0.1328387453 0.1010766860
0.1284275873 0.0999801770
0.1240800963 0.0988496895
0.1197970172 0.0976857370
0.1155790840 0.0964888330
0.1114270193 0.0952594913
0.1073415346 0.0939982251
0.1033233299 0.0927055475
0.0993730937 0.0913819710
0.0954915028 0.0900280079
0.0916792224 0.0886441698
0.0879369057 0.0872309682
0.0842651938 0.0857889145
0.0806647160 0.0843185202
0.0771360891 0.0828202972
0.0736799178 0.0812947581
0.0702967942 0.0797424165
0.0669872981 0.0781637877
0.0637519965 0.0765593884
0.0605914437 0.0749297381
0.0575061813 0.0732753589
0.0544967379 0.0715967759
0.0515636292 0.0698945183
0.0487073578 0.0681691192
0.0459284131 0.0664211165
0.0432272712 0.0646510535
0.0406043949 0.0628594787
0.0380602337 0.0610469471
0.0355952236 0.0592140200
0.0332097868 0.0573612656
0.0309043320 0.0554892597
0.0286792545 0.0535985853
0.0265349353 0.0516898340
0.0244717419 0.0497636051
0.0224900278 0.0478205066
0.0205901326 0.0458611554
0.0187723818 0.0438861768
0.0170370869 0.0418962055
0.0153845451 0.0398918849
0.0138150398 0.0378738675
0.0123288397 0.0358428145
0.0109261996 0.0337993964
0.0096073598 0.0317442920
0.0083725462 0.0296781887
0.0072219705 0.0276017821
0.0061558297 0.0255157758
0.0051743066 0.0234208811
0.0042775693 0.0213178161
0.0034657715 0.0192073060
0.0027390523 0.0170900823
0.0020975362 0.0149668820
0.0015413331 0.0128384475
0.0010705384 0.0107055258
0.0006852326 0.0085688680
0.0003854819 0.0064292284
0.0001713375 0.0042873641
0.0000428362 0.0021440345
0.0000000000 0.0000000000
0.0000428362 -0.0016484892
0.0001713375 -0.0032963788
0.0003854819 -0.0049430135
0.0006852326 -0.0065877395
0.0010705384 -0.0082299050
0.0015413331 -0.0098688610
0.0020975362 -0.0115039621
0.0027390523 -0.0131345667
0.0034657715 -0.0147600385
0.0042775693 -0.0163797462
0.0051743066 -0.0179930645
0.0061558297 -0.0195993749
0.0072219705 -0.0211980656
0.0083725462 -0.0227885326
0.0096073598 -0.0243701798
0.0109261996 -0.0259424194
0.0123288397 -0.0275046727
0.0138150398 -0.0290563696
0.0153845451 -0.0305969498
0.0170370869 -0.0321258623
0.0187723818 -0.0336425663
0.0205901326 -0.0351465304
0.0224900278 -0.0366372338
0.0244717419 -0.0381141654
0.0265349353 -0.0395768244
0.0286792545 -0.0410247202
0.0309043320 -0.0424573718
0.0332097868 -0.0438743085
0.0355952236 -0.0452750692
0.0380602337 -0.0466592021
0.0406043949 -0.0480262651
0.0432272712 -0.0493758248
0.0459284131 -0.0507074568
0.0487073578 -0.0520207448
0.0515636292 -0.0533152809
0.0544967379 -0.0545906647
0.0575061813 -0.0558465033
0.0605914437 -0.0570824105
0.0637519965 -0.0582980068
0.0669872981 -0.0594929188
0.0702967942 -0.0606667787
0.0736799178 -0.0618192241
0.0771360891 -0.0629498974
0.0806647160 -0.0640584455
0.0842651938 -0.0651445193
0.0879369057 -0.0662077737
0.0916792224 -0.0672478667
0.0954915028 -0.0682644596
0.0993730937 -0.0692572164
0.1033233299 -0.0702258035
0.1073415346 -0.0711698898
0.1114270193 -0.0720891464
0.1155790840 -0.0729832461
0.1197970172 -0.0738518637
0.1240800963 -0.0746946761
0.1284275873 -0.0755113618
0.1328387453 -0.0763016012
0.1373128145 -0.0770650768
0.1418490283 -0.0778014734
0.1464466094 -0.0785104778
0.1511047701 -0.0791917800
0.1558227122 -0.0798450725
0.1605996272 -0.0804700514
0.1654346968 -0.0810664167
0.1703270924 -0.0816338725
0.1752759758 -0.0821721280
0.1802804990 -0.0826808977
0.1853398045 -0.0831599022
0.1904530253 -0.0836088691
0.1956192855 -0.0840275334
0.2008376997 -0.0844156386
0.2061073739 -0.0847729374
0.2114274050 -0.0850991925
0.2167968815 -0.0853941778
0.2222148835 -0.0856576789
0.2276804825 -0.0858894945
0.2331927420 -0.0860894372
0.2387507176 -0.0862573344
0.2443534570 -0.0863930296
0.2500000000 -0.0864963833
0.2556893793 -0.0865672738
0.2614206199 -0.0866055988
0.2671927398 -0.0866112759
0.2730047501 -0.0865842439
0.2788556549 -0.0865244637
0.2847444516 -0.0864319195
0.2906701312 -0.0863066193
0.2966316785 -0.0861485965
0.3026280718 -0.0859579100
0.3086582838 -0.0857346459
0.3147212812 -0.0854789176
0.3208160252 -0.0851908670
0.3269414715 -0.0848706650
0.3330965704 -0.0845185121
0.3392802673 -0.0841346394
0.3454915028 -0.0837193084
0.3517292125 -0.0832728121
0.3579923276 -0.0827954749
0.3642797751 -0.0822876534
0.3705904774 -0.0817497359
0.3769233535 -0.0811821432
0.3832773181 -0.0805853283
0.3896512825 -0.0799597765
0.3960441546 -0.0793060051
0.4024548390 -0.0786245632
0.4088822373 -0.0779160317
0.4153252481 -0.0771810224
0.4217827675 -0.0764201779
0.4282536890 -0.0756341708
0.4347369039 -0.0748237032
0.4412313013 -0.0739895058
0.4477357684 -0.0731323371
0.4542491907 -0.0722529824
0.4607704521 -0.0713522529
0.4672984354 -0.0704309845
0.4738320219 -0.0694900369
0.4803700921 -0.0685302918
0.4869115258 -0.0675526521
0.4934552022 -0.0665580403
0.5000000000 -0.0655473971
0.5065447978 -0.0645216799
0.5130884742 -0.0634818610
0.5196299079 -0.0624289265
0.5261679781 -0.0613638742
0.5327015646 -0.0602877120
0.5392295479 -0.0592014564
0.5457508093 -0.0581061303
0.5522642316 -0.0570027619
0.5587686987 -0.0558923821
0.5652630961 -0.0547760232
0.5717463110 -0.0536547172
0.5782172325 -0.0525294935
0.5846747519 -0.0514013774
0.5911177627 -0.0502713883
0.5975451610 -0.0491405378
0.6039558454 -0.0480098281
0.6103487175 -0.0468802501
0.6167226819 -0.0457527819
0.6230766465 -0.0446283867
0.6294095226 -0.0435080118
0.6357202249 -0.0423925865
0.6420076724 -0.0412830209
0.6482707875 -0.0401802042
0.6545084972 -0.0390850037
0.6607197327 -0.0379982627
0.6669034296 -0.0369208001
0.6730585285 -0.0358534086
0.6791839748 -0.0347968537
0.6852787188 -0.0337518729
0.6913417162 -0.0327191743
0.6973719282 -0.0316994362
0.7033683215 -0.0306933056
0.7093298688 -0.0297013984
0.7152555484 -0.0287242979
0.7211443451 -0.0277625546
0.7269952499 -0.0268166860
0.7328072602 -0.0258871756
0.7385793801 -0.0249744731
0.7443106207 -0.0240789942
0.7500000000 -0.0232011201
0.7556465430 -0.0223411978
0.7612492824 -0.0214995399
0.7668072580 -0.0206764250
0.7723195175 -0.0198720976
0.7777851165 -0.0190867689
0.7832031185 -0.0183206164
0.7885725950 -0.0175737851
0.7938926261 -0.0168463873
0.7991623003 -0.0161385039
0.8043807145 -0.0154501844
0.8095469747 -0.0147814482
0.8146601955 -0.0141322846
0.8197195010 -0.0135026544
0.8247240242 -0.0128924903
0.8296729076 -0.0123016979
0.8345653032 -0.0117301567
0.8394003728 -0.0111777211
0.8441772878 -0.0106442214
0.8488952299 -0.0101294648
0.8535533906 -0.0096332366
0.8581509717 -0.0091553014
0.8626871855 -0.0086954038
0.8671612547 -0.0082532701
0.8715724127 -0.0078286092
0.8759199037 -0.0074211135
0.8802029828 -0.0070304607
0.8844209160 -0.0066563144
0.8885729807 -0.0062983255
0.8926584654 -0.0059561336
0.8966766701 -0.0056293675
0.9006269063 -0.0053176472
0.9045084972 -0.0050205842
0.9083207776 -0.0047377833
0.9120630943 -0.0044688432
0.9157348062 -0.0042133579
0.9193352840 -0.0039709175
0.9228639109 -0.0037411094
0.9263200822 -0.0035235192
0.9297032058 -0.0033177317
0.9330127019 -0.0031233318
0.9362480035 -0.0029399052
0.9394085563 -0.0027670399
0.9424938187 -0.0026043262
0.9455032621 -0.0024513579
0.9484363708 -0.0023077334
0.9512926422 -0.0021730556
0.9540715869 -0.0020469332
0.9567727288 -0.0019289813
0.9593956051 -0.0018188217
0.9619397663 -0.0017160837
0.9644047764 -0.0016204048
0.9667902132 -0.0015314306
0.9690956680 -0.0014488159
0.9713207455 -0.0013722249
0.9734650647 -0.0013013315
0.9755282581 -0.0012358199
0.9775099722 -0.0011753846
0.9794098674 -0.0011197310
0.9812276182 -0.0010685757
0.9829629131 -0.0010216464
0.9846154549 -0.0009786827
0.9861849602 -0.0009394356
0.9876711603 -0.0009036685
0.9890738004 -0.0008711565
0.9903926402 -0.0008416873
0.9916274538 -0.0008150608
0.9927780295 -0.0007910896
0.9938441703 -0.0007695989
0.9948256934 -0.0007504263
0.9957224307 -0.0007334226
0.9965342285 -0.0007184511
0.9972609477 -0.0007053882
0.9979024638 -0.0006941231
0.9984586669 -0.0006845581
0.9989294616 -0.0006766082
0.9993147674 -0.0006702017
0.9996145181 -0.0006652798
0.9998286625 -0.0006617969
0.9999571638 -0.0006597202
1.0000000000 -0.0006590301
