CST_STATION_012
1.0000000000 0.0011882349
0.9999571638 0.0011894094
0.9998286625 0.0011929390
0.9996145181 0.0011988431
0.9993147674 0.0012071533
0.9989294616 0.0012179144
0.9984586669 0.0012311840
0.9979024638 0.0012470325
0.9972609477 0.0012655435
0.9965342285 0.0012868136
0.9957224307 0.0013109528
0.9948256934 0.0013380845
0.9938441703 0.0013683453
0.9927780295 0.0014018859
0.9916274538 0.0014388706
0.9903926402 0.0014794777
0.9890738004 0.0015238995
0.9876711603 0.0015723428
0.9861849602 0.0016250286
0.9846154549 0.0016821926
0.9829629131 0.0017440850
0.9812276182 0.0018109710
0.9794098674 0.0018831304
0.9775099722 0.0019608581
0.9755282581 0.0020444640
0.9734650647 0.0021342729
0.9713207455 0.0022306249
0.9690956680 0.0023338746
0.9667902132 0.0024443920
0.9644047764 0.0025625614
0.9619397663 0.0026887821
0.9593956051 0.0028234677
0.9567727288 0.0029670459
0.9540715869 0.0031199583
0.9512926422 0.0032826602
0.9484363708 0.0034556197
0.9455032621 0.0036393180
0.9424938187 0.0038342481
0.9394085563 0.0040409146
0.9362480035 0.0042598333
0.9330127019 0.0044915299
0.9297032058 0.0047365398
0.9263200822 0.0049954069
0.9228639109 0.0052686829
0.9193352840 0.0055569262
0.9157348062 0.0058607009
0.9120630943 0.0061805760
0.9083207776 0.0065171238
0.9045084972 0.0068709189
0.9006269063 0.0072425370
0.8966766701 0.0076325533
0.8926584654 0.0080415414
0.8885729807 0.0084700719
0.8844209160 0.0089187104
0.8802029828 0.0093880164
0.8759199037 0.0098785418
0.8715724127 0.0103908288
0.8671612547 0.0109254085
0.8626871855 0.0114827993
0.8581509717 0.0120635050
0.8535533906 0.0126680130
0.8488952299 0.0132967926
0.8441772878 0.0139502933
0.8394003728 0.0146289428
0.8345653032 0.0153331452
0.8296729076 0.0160632796
0.8247240242 0.0168196976
0.8197195010 0.0176027222
0.8146601955 0.0184126455
0.8095469747 0.0192497275
0.8043807145 0.0201141939
0.7991623003 0.0210062347
0.7938926261 0.0219260027
0.7885725950 0.0228736116
0.7832031185 0.0238491347
0.7777851165 0.0248526037
0.7723195175 0.0258840068
0.7668072580 0.0269432879
0.7612492824 0.0280303453
0.7556465430 0.0291450303
0.7500000000 0.0302871466
0.7443106207 0.0314564491
0.7385793801 0.0326526431
0.7328072602 0.0338753839
0.7269952499 0.0351242759
0.7211443451 0.0363988721
0.7152555484 0.0376986742
0.7093298688 0.0390231319
0.7033683215 0.0403716430
0.6973719282 0.0417435534
0.6913417162 0.0431381576
0.6852787188 0.0445546983
0.6791839748 0.0459923676
0.6730585285 0.0474503073
0.6669034296 0.0489276093
0.6607197327 0.0504233169
0.6545084972 0.0519364257
0.6482707875 0.0534658846
0.6420076724 0.0550105971
0.6357202249 0.0565694227
0.6294095226 0.0581411785
0.6230766465 0.0597246406
0.6167226819 0.0613185462
0.6103487175 0.0629215951
0.6039558454 0.0645324521
0.5975451610 0.0661497487
0.5911177627 0.0677720855
0.5846747519 0.0693980345
0.5782172325 0.0710261413
0.5717463110 0.0726549277
0.5652630961 0.0742828944
0.5587686987 0.0759085230
0.5522642316 0.0775302794
0.5457508093 0.0791466159
0.5392295479 0.0807559743
0.5327015646 0.0823567886
0.5261679781 0.0839474876
0.5196299079 0.0855264980
0.5130884742 0.0870922473
0.5065447978 0.0886431660
0.5000000000 0.0901776912
0.4934552022 0.0916942691
0.4869115258 0.0931913575
0.4803700921 0.0946674290
0.4738320219 0.0961209732
0.4672984354 0.0975505000
0.4607704521 0.0989545415
0.4542491907 0.1003316549
0.4477357684 0.1016804249
0.4412313013 0.1029994659
0.4347369039 0.1042874246
0.4282536890 0.1055429817
0.4217827675 0.1067648543
0.4153252481 0.1079517977
0.4088822373 0.1091026076
0.4024548390 0.1102161212
0.3960441546 0.1112912194
0.3896512825 0.1123268278
0.3832773181 0.1133219185
0.3769233535 0.1142755109
0.3705904774 0.1151866733
0.3642797751 0.1160545230
0.3579923276 0.1168782281
0.3517292125 0.1176570074
0.3454915028 0.1183901314
0.3392802673 0.1190769224
0.3330965704 0.1197167549
0.3269414715 0.1203090556
0.3208160252 0.1208533037
0.3147212812 0.1213490303
0.3086582838 0.1217958184
0.3026280718 0.1221933025
0.2966316785 0.1225411681
0.2906701312 0.1228391509
0.2847444516 0.1230870361
0.2788556549 0.1232846578
0.2730047501 0.1234318978
0.2671927398 0.1235286845
0.2614206199 0.1235749922
0.2556893793 0.1235708392
0.2500000000 0.1235162873
0.2443534570 0.1234114397
0.2387507176 0.1232564402
0.2331927420 0.1230514714
0.2276804825 0.1227967532
0.2222148835 0.1224925413
0.2167968815 0.1221391258
0.2114274050 0.1217368293
0.2061073739 0.1212860055
0.2008376997 0.1207870373
0.1956192855 0.1202403355
0.1904530253 0.1196463370
0.1853398045 0.1190055032
0.1802804990 0.1183183183
0.1752759758 0.1175852877
0.1703270924 0.1168069370
0.1654346968 0.1159838095
0.1605996272 0.1151164657
0.1558227122 0.1142054812
0.1511047701 0.1132514455
0.1464466094 0.1122549610
0.1418490283 0.1112166412
0.1373128145 0.1101371098
0.1328387453 0.1090169995
0.1284275873 0.1078569510
0.1240800963 0.1066576118
0.1197970172 0.1054196354
0.1155790840 0.1041436803
0.1114270193 0.1028304093
0.1073415346 0.1014804888
0.1033233299 0.1000945881
0.0993730937 0.0986733786
0.0954915028 0.0972175336
0.0916792224 0.0957277278
0.0879369057 0.0942046366
0.0842651938 0.0926489361
0.0806647160 0.0910613030
0.0771360891 0.0894424136
0.0736799178 0.0877929448
0.0702967942 0.0861135729
0.0669872981 0.0844049745
0.0637519965 0.0826678257
0.0605914437 0.0809028028
0.0575061813 0.0791105820
0.0544967379 0.0772918396
0.0515636292 0.0754472523
0.0487073578 0.0735774972
0.0459284131 0.0716832521
0.0432272712 0.0697651956
0.0406043949 0.0678240074
0.0380602337 0.0658603688
0.0355952236 0.0638749625
0.0332097868 0.0618684731
0.0309043320 0.0598415871
0.0286792545 0.0577949938
0.0265349353 0.0557293847
0.0244717419 0.0536454541
0.0224900278 0.0515438995
0.0205901326 0.0494254213
0.0187723818 0.0472907236
0.0170370869 0.0451405136
0.0153845451 0.0429755023
0.0138150398 0.0407964043
0.0123288397 0.0386039381
0.0109261996 0.0363988258
0.0096073598 0.0341817933
0.0083725462 0.0319535704
0.0072219705 0.0297148904
0.0061558297 0.0274664904
0.0051743066 0.0252091108
0.0042775693 0.0229434955
0.0034657715 0.0206703915
0.0027390523 0.0183905488
0.0020975362 0.0161047202
0.0015413331 0.0138136609
0.0010705384 0.0115181284
0.0006852326 0.0092188822
0.0003854819 0.0069166833
0.0001713375 0.0046122942
0.0000428362 0.0023064784
0.0000000000 0.0000000000
0.0000428362 -0.0018205986
0.0001713375 -0.0036405907
0.0003854819 -0.0054592683
0.0006852326 -0.0072759248
0.0010705384 -0.0090898552
0.0015413331 -0.0109003570
0.0020975362 -0.0127067302
0.0027390523 -0.0145082786
0.0034657715 -0.0163043096
0.0042775693 -0.0180941353
0.0051743066 -0.0198770724
0.0061558297 -0.0216524434
0.0072219705 -0.0234195763
0.0083725462 -0.0251778054
0.0096073598 -0.0269264717
0.0109261996 -0.0286649230
0.0123288397 -0.0303925145
0.0138150398 -0.0321086089
0.0153845451 -0.0338125766
0.0170370869 -0.0355037962
0.0187723818 -0.0371816544
0.0205901326 -0.0388455461
0.0224900278 -0.0404948750
0.0244717419 -0.0421290529
0.0265349353 -0.0437475004
0.0286792545 -0.0453496466
0.0309043320 -0.0469349292
0.0332097868 -0.0485027943
0.0355952236 -0.0500526965
0.0380602337 -0.0515840985
0.0406043949 -0.0530964715
0.0432272712 -0.0545892945
0.0459284131 -0.0560620543
0.0487073578 -0.0575142455
0.0515636292 -0.0589453699
0.0544967379 -0.0603549370
0.0575061813 -0.0617424627
0.0605914437 -0.0631074701
0.0637519965 -0.0644494888
0.0669872981 -0.0657680545
0.0702967942 -0.0670627091
0.0736799178 -0.0683330005
0.0771360891 -0.0695784822
0.0806647160 -0.0707987130
0.0842651938 -0.0719932572
0.0879369057 -0.0731616842
0.0916792224 -0.0743035683
0.0954915028 -0.0754184890
0.0993730937 -0.0765060303
0.1033233299 -0.0775657814
0.1073415346 -0.0785973360
0.1114270193 -0.0796002928
0.1155790840 -0.0805742553
0.1197970172 -0.0815188322
0.1240800963 -0.0824336372
0.1284275873 -0.0833182897
0.1328387453 -0.0841724144
0.1373128145 -0.0849956422
0.1418490283 -0.0857876102
0.1464466094 -0.0865479622
0.1511047701 -0.0872763491
0.1558227122 -0.0879724294
0.1605996272 -0.0886358698
0.1654346968 -0.0892663456
0.1703270924 -0.0898635416
0.1752759758 -0.0904271524
0.1802804990 -0.0909568836
0.1853398045 -0.0914524519
0.1904530253 -0.0919135866
0.1956192855 -0.0923400297
0.2008376997 -0.0927315375
0.2061073739 -0.0930878807
0.2114274050 -0.0934088459
0.2167968815 -0.0936942362
0.2222148835 -0.0939438723
0.2276804825 -0.0941575934
0.2331927420 -0.0943352580
0.2387507176 -0.0944767451
0.2443534570 -0.0945819552
0.2500000000 -0.0946508108
0.2556893793 -0.0946832580
0.2614206199 -0.0946792668
0.2671927398 -0.0946388327
0.2730047501 -0.0945619770
0.2788556549 -0.0944487476
0.2847444516 -0.0942992207
0.2906701312 -0.0941135005
0.2966316785 -0.0938917207
0.3026280718 -0.0936340448
0.3086582838 -0.0933406670
0.3147212812 -0.0930118126
0.3208160252 -0.0926477388
0.3269414715 -0.0922487348
0.3330965704 -0.0918151225
0.3392802673 -0.0913472567
0.3454915028 -0.0908455254
0.3517292125 -0.0903103500
0.3579923276 -0.0897421853
0.3642797751 -0.0891415198
0.3705904774 -0.0885088751
0.3769233535 -0.0878448065
0.3832773181 -0.0871499020
0.3896512825 -0.0864247826
0.3960441546 -0.0856701015
0.4024548390 -0.0848865437
0.4088822373 -0.0840748256
0.4153252481 -0.0832356940
0.4217827675 -0.0823699256
0.4282536890 -0.0814783262
0.4347369039 -0.0805617294
0.4412313013 -0.0796209959
0.4477357684 -0.0786570124
0.4542491907 -0.0776706905
0.4607704521 -0.0766629649
0.4672984354 -0.0756347928
0.4738320219 -0.0745871523
0.4803700921 -0.0735210406
0.4869115258 -0.0724374728
0.4934552022 -0.0713374805
0.5000000000 -0.0702221097
0.5065447978 -0.0690924195
0.5130884742 -0.0679494804
0.5196299079 -0.0667943721
0.5261679781 -0.0656281826
0.5327015646 -0.0644520052
0.5392295479 -0.0632669379
0.5457508093 -0.0620740807
0.5522642316 -0.0608745341
0.5587686987 -0.0596693971
0.5652630961 -0.0584597655
0.5717463110 -0.0572467301
0.5782172325 -0.0560313743
0.5846747519 -0.0548147733
0.5911177627 -0.0535979913
0.5975451610 -0.0523820803
0.6039558454 -0.0511680782
0.6103487175 -0.0499570071
0.6167226819 -0.0487498718
0.6230766465 -0.0475476580
0.6294095226 -0.0463513306
0.6357202249 -0.0451618329
0.6420076724 -0.0439800843
0.6482707875 -0.0428069795
0.6545084972 -0.0416433872
0.6607197327 -0.0404901484
0.6669034296 -0.0393480759
0.6730585285 -0.0382179526
0.6791839748 -0.0371005311
0.6852787188 -0.0359965324
0.6913417162 -0.0349066451
0.6973719282 -0.0338315250
0.7033683215 -0.0327717940
0.7093298688 -0.0317280399
0.7152555484 -0.0307008155
0.7211443451 -0.0296906389
0.7269952499 -0.0286979926
0.7328072602 -0.0277233235
0.7385793801 -0.0267670428
0.7443106207 -0.0258295259
0.7500000000 -0.0249111126
0.7556465430 -0.0240121071
0.7612492824 -0.0231327783
0.7668072580 -0.0222733601
0.7723195175 -0.0214340516
0.7777851165 -0.0206150179
0.7832031185 -0.0198163903
0.7885725950 -0.0190382670
0.7938926261 -0.0182807138
0.7991623003 -0.0175437650
0.8043807145 -0.0168274238
0.8095469747 -0.0161316633
0.8146601955 -0.0154564276
0.8197195010 -0.0148016324
0.8247240242 -0.0141671663
0.8296729076 -0.0135528916
0.8345653032 -0.0129586454
0.8394003728 -0.0123842409
0.8441772878 -0.0118294681
0.8488952299 -0.0112940955
0.8535533906 -0.0107778709
0.8581509717 -0.0102805224
0.8626871855 -0.0098017603
0.8671612547 -0.0093412775
0.8715724127 -0.0088987511
0.8759199037 -0.0084738439
0.8802029828 -0.0080662051
0.8844209160 -0.0076754714
0.8885729807 -0.0073012691
0.8926584654 -0.0069432141
0.8966766701 -0.0066009140
0.9006269063 -0.0062739688
0.9045084972 -0.0059619719
0.9083207776 -0.0056645118
0.9120630943 -0.0053811724
0.9157348062 -0.0051115346
0.9193352840 -0.0048551772
0.9228639109 -0.0046116777
0.9263200822 -0.0043806136
0.9297032058 -0.0041615628
0.9330127019 -0.0039541051
0.9362480035 -0.0037578225
0.9394085563 -0.0035723003
0.9424938187 -0.0033971279
0.9455032621 -0.0032318992
0.9484363708 -0.0030762139
0.9512926422 -0.0029296773
0.9540715869 -0.0027919018
0.9567727288 -0.0026625068
0.9593956051 -0.0025411196
0.9619397663 -0.0024273758
0.9644047764 -0.0023209197
0.9667902132 -0.0022214048
0.9690956680 -0.0021284942
0.9713207455 -0.0020418609
0.9734650647 -0.0019611881
0.9755282581 -0.0018861696
0.9775099722 -0.0018165101
0.9794098674 -0.0017519252
0.9812276182 -0.0016921417
0.9829629131 -0.0016368982
0.9846154549 -0.0015859444
0.9861849602 -0.0015390420
0.9876711603 -0.0014959648
0.9890738004 -0.0014564980
0.9903926402 -0.0014204394
0.9916274538 -0.0013875985
0.9927780295 -0.0013577971
0.9938441703 -0.0013308694
0.9948256934 -0.0013066617
0.9957224307 -0.0012850324
0.9965342285 -0.0012658525
0.9972609477 -0.0012490051
0.9979024638 -0.0012343856
0.9984586669 -0.0012219018
0.9989294616 -0.0012114739
0.9993147674 -0.0012030341
0.9996145181 -0.0011965272
0.9998286625 -0.0011919101
0.9999571638 -0.0011891522
1.0000000000 -0.0011882349
