CST_STATION_038
1.0000000000 0.0007959296
0.9999571638 0.0007969429
0.9998286625 0.0007999910
0.9996145181 0.0008050977
0.9993147674 0.0008123028
0.9989294616 0.0008216621
0.9984586669 0.0008332473
0.9979024638 0.0008471460
0.9972609477 0.0008634619
0.9965342285 0.0008823148
0.9957224307 0.0009038402
0.9948256934 0.0009281901
0.9938441703 0.0009555322
0.9927780295 0.0009860504
0.9916274538 0.0010199447
0.9903926402 0.0010574313
0.9890738004 0.0010987422
0.9876711603 0.0011441256
0.9861849602 0.0011938457
0.9846154549 0.0012481827
0.9829629131 0.0013074324
0.9812276182 0.0013719068
0.9794098674 0.0014419331
0.9775099722 0.0015178543
0.9755282581 0.0016000287
0.9734650647 0.0016888295
0.9713207455 0.0017846450
0.9690956680 0.0018878779
0.9667902132 0.0019989453
0.9644047764 0.0021182782
0.9619397663 0.0022463211
0.9593956051 0.0023835315
0.9567727288 0.0025303796
0.9540715869 0.0026873475
0.9512926422 0.0028549288
0.9484363708 0.0030336280
0.9455032621 0.0032239595
0.9424938187 0.0034264473
0.9394085563 0.0036416237
0.9362480035 0.0038700289
0.9330127019 0.0041122098
0.9297032058 0.0043687191
0.9263200822 0.0046401144
0.9228639109 0.0049269570
0.9193352840 0.0052298106
0.9157348062 0.0055492406
0.9120630943 0.0058858123
0.9083207776 0.0062400900
0.9045084972 0.0066126357
0.9006269063 0.0070040074
0.8966766701 0.0074147577
0.8926584654 0.0078454329
0.8885729807 0.0082965707
0.8844209160 0.0087686992
0.8802029828 0.0092623352
0.8759199037 0.0097779825
0.8715724127 0.0103161305
0.8671612547 0.0108772522
0.8626871855 0.0114618028
0.8581509717 0.0120702183
0.8535533906 0.0127029133
0.8488952299 0.0133602794
0.8441772878 0.0140426840
0.8394003728 0.0147504682
0.8345653032 0.0154839454
0.8296729076 0.0162433994
0.8247240242 0.0170290831
0.8197195010 0.0178412171
0.8146601955 0.0186799874
0.8095469747 0.0195455449
0.8043807145 0.0204380034
0.7991623003 0.0213574382
0.7938926261 0.0223038852
0.7885725950 0.0232773392
0.7832031185 0.0242777530
0.7777851165 0.0253050365
0.7723195175 0.0263590552
0.7668072580 0.0274396294
0.7612492824 0.0285465340
0.7556465430 0.0296794968
0.7500000000 0.0308381986
0.7443106207 0.0320222724
0.7385793801 0.0332313030
0.7328072602 0.0344648269
0.7269952499 0.0357223317
0.7211443451 0.0370032563
0.7152555484 0.0383069913
0.7093298688 0.0396328783
0.7033683215 0.0409802112
0.6973719282 0.0423482359
0.6913417162 0.0437361511
0.6852787188 0.0451431091
0.6791839748 0.0465682165
0.6730585285 0.0480105350
0.6669034296 0.0494690827
0.6607197327 0.0509428351
0.6545084972 0.0524307266
0.6482707875 0.0539316515
0.6420076724 0.0554444660
0.6357202249 0.0569679896
0.6294095226 0.0585010068
0.6230766465 0.0600422692
0.6167226819 0.0615904970
0.6103487175 0.0631443816
0.6039558454 0.0647025872
0.5975451610 0.0662637535
0.5911177627 0.0678264974
0.5846747519 0.0693894160
0.5782172325 0.0709510885
0.5717463110 0.0725100789
0.5652630961 0.0740649385
0.5587686987 0.0756142084
0.5522642316 0.0771564221
0.5457508093 0.0786901081
0.5392295479 0.0802137927
0.5327015646 0.0817260022
0.5261679781 0.0832252660
0.5196299079 0.0847101192
0.5130884742 0.0861791047
0.5065447978 0.0876307763
0.5000000000 0.0890637012
0.4934552022 0.0904764622
0.4869115258 0.0918676606
0.4803700921 0.0932359180
0.4738320219 0.0945798794
0.4672984354 0.0958982149
0.4607704521 0.0971896221
0.4542491907 0.0984528282
0.4477357684 0.0996865920
0.4412313013 0.1008897059
0.4347369039 0.1020609976
0.4282536890 0.1031993319
0.4217827675 0.1043036125
0.4153252481 0.1053727829
0.4088822373 0.1064058285
0.4024548390 0.1074017773
0.3960441546 0.1083597014
0.3896512825 0.1092787177
0.3832773181 0.1101579890
0.3769233535 0.1109967248
0.3705904774 0.1117941813
0.3642797751 0.1125496628
0.3579923276 0.1132625215
0.3517292125 0.1139321575
0.3454915028 0.1145580195
0.3392802673 0.1151396045
0.3330965704 0.1156764574
0.3269414715 0.1161681709
0.3208160252 0.1166143853
0.3147212812 0.1170147878
0.3086582838 0.1173691118
0.3026280718 0.1176771362
0.2966316785 0.1179386847
0.2906701312 0.1181536250
0.2847444516 0.1183218672
0.2788556549 0.1184433636
0.2730047501 0.1185181066
0.2671927398 0.1185461282
0.2614206199 0.1185274983
0.2556893793 0.1184623233
0.2500000000 0.1183507452
0.2443534570 0.1181929393
0.2387507176 0.1179891136
0.2331927420 0.1177395066
0.2276804825 0.1174443862
0.2222148835 0.1171040479
0.2167968815 0.1167188134
0.2114274050 0.1162890290
0.2061073739 0.1158150638
0.2008376997 0.1152973086
0.1956192855 0.1147361741
0.1904530253 0.1141320895
0.1853398045 0.1134855008
0.1802804990 0.1127968699
0.1752759758 0.1120666727
0.1703270924 0.1112953981
0.1654346968 0.1104835463
0.1605996272 0.1096316282
0.1558227122 0.1087401636
0.1511047701 0.1078096807
0.1464466094 0.1068407144
0.1418490283 0.1058338060
0.1373128145 0.1047895017
0.1328387453 0.1037083523
0.1284275873 0.1025909120
0.1240800963 0.1014377382
0.1197970172 0.1002493902
0.1155790840 0.0990264295
0.1114270193 0.0977694188
0.1073415346 0.0964789217
0.1033233299 0.0951555025
0.0993730937 0.0937997259
0.0954915028 0.0924121569
0.0916792224 0.0909933606
0.0879369057 0.0895439021
0.0842651938 0.0880643466
0.0806647160 0.0865552597
0.0771360891 0.0850172070
0.0736799178 0.0834507546
0.0702967942 0.0818564695
0.0669872981 0.0802349193
0.0637519965 0.0785866730
0.0605914437 0.0769123011
0.0575061813 0.0752123759
0.0544967379 0.0734874720
0.0515636292 0.0717381665
0.0487073578 0.0699650395
0.0459284131 0.0681686746
0.0432272712 0.0663496591
0.0406043949 0.0645085845
0.0380602337 0.0626460469
0.0355952236 0.0607626472
0.0332097868 0.0588589917
0.0309043320 0.0569356923
0.0286792545 0.0549933670
0.0265349353 0.0530326399
0.0244717419 0.0510541416
0.0224900278 0.0490585095
0.0205901326 0.0470463879
0.0187723818 0.0450184282
0.0170370869 0.0429752889
0.0153845451 0.0409176359
0.0138150398 0.0388461423
0.0123288397 0.0367614886
0.0109261996 0.0346643623
0.0096073598 0.0325554583
0.0083725462 0.0304354783
0.0072219705 0.0283051308
0.0061558297 0.0261651309
0.0051743066 0.0240162000
0.0042775693 0.0218590654
0.0034657715 0.0196944602
0.0027390523 0.0175231224
0.0020975362 0.0153457952
0.0015413331 0.0131632258
0.0010705384 0.0109761656
0.0006852326 0.0087853690
0.0003854819 0.0065915937
0.0001713375 0.0043955992
0.0000428362 0.0021981471
0.0000000000 0.0000000000
0.0000428362 -0.0017047718
0.0001713375 -0.0034089387
0.0003854819 -0.0051118279
0.0006852326 -0.0068127684
0.0010705384 -0.0085110910
0.0015413331 -0.0102061289
0.0020975362 -0.0118972191
0.0027390523 -0.0135837022
0.0034657715 -0.0152649232
0.0042775693 -0.0169402325
0.0051743066 -0.0186089859
0.0061558297 -0.0202705457
0.0072219705 -0.0219242804
0.0083725462 -0.0235695661
0.0096073598 -0.0252057862
0.0109261996 -0.0268323321
0.0123288397 -0.0284486035
0.0138150398 -0.0300540089
0.0153845451 -0.0316479654
0.0170370869 -0.0332298994
0.0187723818 -0.0347992467
0.0205901326 -0.0363554522
0.0224900278 -0.0378979708
0.0244717419 -0.0394262666
0.0265349353 -0.0409398137
0.0286792545 -0.0424380955
0.0309043320 -0.0439206052
0.0332097868 -0.0453868454
0.0355952236 -0.0468363278
0.0380602337 -0.0482685735
0.0406043949 -0.0496831125
0.0432272712 -0.0510794835
0.0459284131 -0.0524572336
0.0487073578 -0.0538159180
0.0515636292 -0.0551551001
0.0544967379 -0.0564743506
0.0575061813 -0.0577732474
0.0605914437 -0.0590513754
0.0637519965 -0.0603083260
0.0669872981 -0.0615436967
0.0702967942 -0.0627570909
0.0736799178 -0.0639481174
0.0771360891 -0.0651163901
0.0806647160 -0.0662615278
0.0842651938 -0.0673831535
0.0879369057 -0.0684808948
0.0916792224 -0.0695543827
0.0954915028 -0.0706032523
0.0993730937 -0.0716271417
0.1033233299 -0.0726256926
0.1073415346 -0.0735985495
0.1114270193 -0.0745453600
0.1155790840 -0.0754657747
0.1197970172 -0.0763594468
0.1240800963 -0.0772260327
0.1284275873 -0.0780651914
0.1328387453 -0.0788765854
0.1373128145 -0.0796598800
0.1418490283 -0.0804147443
0.1464466094 -0.0811408509
0.1511047701 -0.0818378765
0.1558227122 -0.0825055025
0.1605996272 -0.0831434147
0.1654346968 -0.0837513046
0.1703270924 -0.0843288695
0.1752759758 -0.0848758132
0.1802804990 -0.0853918464
0.1853398045 -0.0858766880
0.1904530253 -0.0863300651
0.1956192855 -0.0867517142
0.2008376997 -0.0871413821
0.2061073739 -0.0874988263
0.2114274050 -0.0878238164
0.2167968815 -0.0881161346
0.2222148835 -0.0883755769
0.2276804825 -0.0886019541
0.2331927420 -0.0887950925
0.2387507176 -0.0889548351
0.2443534570 -0.0890810428
0.2500000000 -0.0891735950
0.2556893793 -0.0892323908
0.2614206199 -0.0892573502
0.2671927398 -0.0892484148
0.2730047501 -0.0892055489
0.2788556549 -0.0891287406
0.2847444516 -0.0890180026
0.2906701312 -0.0888733730
0.2966316785 -0.0886949165
0.3026280718 -0.0884827249
0.3086582838 -0.0882369181
0.3147212812 -0.0879576449
0.3208160252 -0.0876450833
0.3269414715 -0.0872994417
0.3330965704 -0.0869209590
0.3392802673 -0.0865099054
0.3454915028 -0.0860665826
0.3517292125 -0.0855913244
0.3579923276 -0.0850844967
0.3642797751 -0.0845464981
0.3705904774 -0.0839777595
0.3769233535 -0.0833787448
0.3832773181 -0.0827499502
0.3896512825 -0.0820919044
0.3960441546 -0.0814051685
0.4024548390 -0.0806903353
0.4088822373 -0.0799480294
0.4153252481 -0.0791789062
0.4217827675 -0.0783836516
0.4282536890 -0.0775629815
0.4347369039 -0.0767176406
0.4412313013 -0.0758484019
0.4477357684 -0.0749560655
0.4542491907 -0.0740414582
0.4607704521 -0.0731054314
0.4672984354 -0.0721488608
0.4738320219 -0.0711726450
0.4803700921 -0.0701777036
0.4869115258 -0.0691649767
0.4934552022 -0.0681354228
0.5000000000 -0.0670900175
0.5065447978 -0.0660297520
0.5130884742 -0.0649556314
0.5196299079 -0.0638686731
0.5261679781 -0.0627699050
0.5327015646 -0.0616603640
0.5392295479 -0.0605410940
0.5457508093 -0.0594131442
0.5522642316 -0.0582775673
0.5587686987 -0.0571354177
0.5652630961 -0.0559877495
0.5717463110 -0.0548356152
0.5782172325 -0.0536800629
0.5846747519 -0.0525221357
0.5911177627 -0.0513628688
0.5975451610 -0.0502032885
0.6039558454 -0.0490444100
0.6103487175 -0.0478872357
0.6167226819 -0.0467327539
0.6230766465 -0.0455819366
0.6294095226 -0.0444357383
0.6357202249 -0.0432950945
0.6420076724 -0.0421609197
0.6482707875 -0.0410341064
0.6545084972 -0.0399155238
0.6607197327 -0.0388060160
0.6669034296 -0.0377064013
0.6730585285 -0.0366174708
0.6791839748 -0.0355399872
0.6852787188 -0.0344746840
0.6913417162 -0.0334222644
0.6973719282 -0.0323834006
0.7033683215 -0.0313587330
0.7093298688 -0.0303488694
0.7152555484 -0.0293543847
0.7211443451 -0.0283758200
0.7269952499 -0.0274136824
0.7328072602 -0.0264684450
0.7385793801 -0.0255405458
0.7443106207 -0.0246303885
0.7500000000 -0.0237383420
0.7556465430 -0.0228647401
0.7612492824 -0.0220098822
0.7668072580 -0.0211740333
0.7723195175 -0.0203574239
0.7777851165 -0.0195602508
0.7832031185 -0.0187826773
0.7885725950 -0.0180248338
0.7938926261 -0.0172868181
0.7991623003 -0.0165686965
0.8043807145 -0.0158705038
0.8095469747 -0.0151922447
0.8146601955 -0.0145338944
0.8197195010 -0.0138953992
0.8247240242 -0.0132766776
0.8296729076 -0.0126776215
0.8345653032 -0.0120980967
0.8394003728 -0.0115379441
0.8441772878 -0.0109969812
0.8488952299 -0.0104750024
0.8535533906 -0.0099717808
0.8581509717 -0.0094870689
0.8626871855 -0.0090206002
0.8671612547 -0.0085720896
0.8715724127 -0.0081412356
0.8759199037 -0.0077277206
0.8802029828 -0.0073312126
0.8844209160 -0.0069513661
0.8885729807 -0.0065878236
0.8926584654 -0.0062402164
0.8966766701 -0.0059081659
0.9006269063 -0.0055912850
0.9045084972 -0.0052891789
0.9083207776 -0.0050014462
0.9120630943 -0.0047276802
0.9157348062 -0.0044674700
0.9193352840 -0.0042204013
0.9228639109 -0.0039860576
0.9263200822 -0.0037640209
0.9297032058 -0.0035538730
0.9330127019 -0.0033551964
0.9362480035 -0.0031675749
0.9394085563 -0.0029905944
0.9424938187 -0.0028238444
0.9455032621 -0.0026669178
0.9484363708 -0.0025194123
0.9512926422 -0.0023809309
0.9540715869 -0.0022510827
0.9567727288 -0.0021294831
0.9593956051 -0.0020157549
0.9619397663 -0.0019095285
0.9644047764 -0.0018104427
0.9667902132 -0.0017181449
0.9690956680 -0.0016322917
0.9713207455 -0.0015525492
0.9734650647 -0.0014785936
0.9755282581 -0.0014101112
0.9775099722 -0.0013467992
0.9794098674 -0.0012883654
0.9812276182 -0.0012345290
0.9829629131 -0.0011850204
0.9846154549 -0.0011395817
0.9861849602 -0.0010979669
0.9876711603 -0.0010599417
0.9890738004 -0.0010252843
0.9903926402 -0.0009937846
0.9916274538 -0.0009652454
0.9927780295 -0.0009394815
0.9938441703 -0.0009163204
0.9948256934 -0.0008956023
0.9957224307 -0.0008771799
0.9965342285 -0.0008609185
0.9972609477 -0.0008466963
0.9979024638 -0.0008344043
0.9984586669 -0.0008239461
0.9989294616 -0.0008152382
0.9993147674 -0.0008082099
0.9996145181 -0.0008028035
0.9998286625 -0.0007989739
0.9999571638 -0.0007966890
1.0000000000 -0.0007959296
