CST_STATION_027
1.0000000000 0.0009161270
0.9999571638 0.0009197279
0.9998286625 0.0009326913
0.9996145181 0.0009565571
0.9993147674 0.0009922501
0.9989294616 0.0010404447
0.9984586669 0.0011016667
0.9979024638 0.0011763387
0.9972609477 0.0012648050
0.9965342285 0.0013673468
0.9957224307 0.0014841918
0.9948256934 0.0016155216
0.9938441703 0.0017614763
0.9927780295 0.0019221587
0.9916274538 0.0020976367
0.9903926402 0.0022879463
0.9890738004 0.0024930932
0.9876711603 0.0027130545
0.9861849602 0.0029477801
0.9846154549 0.0031971940
0.9829629131 0.0034611955
0.9812276182 0.0037396600
0.9794098674 0.0040324404
0.9775099722 0.0043393673
0.9755282581 0.0046602507
0.9734650647 0.0049948802
0.9713207455 0.0053430261
0.9690956680 0.0057044401
0.9667902132 0.0060788562
0.9644047764 0.0064659916
0.9619397663 0.0068655473
0.9593956051 0.0072772089
0.9567727288 0.0077006476
0.9540715869 0.0081355209
0.9512926422 0.0085814736
0.9484363708 0.0090381383
0.9455032621 0.0095051367
0.9424938187 0.0099820800
0.9394085563 0.0104685702
0.9362480035 0.0109642008
0.9330127019 0.0114685576
0.9297032058 0.0119812197
0.9263200822 0.0125017606
0.9228639109 0.0130297486
0.9193352840 0.0135647482
0.9157348062 0.0141063211
0.9120630943 0.0146540264
0.9083207776 0.0152074225
0.9045084972 0.0157660672
0.9006269063 0.0163295190
0.8966766701 0.0168973381
0.8926584654 0.0174690870
0.8885729807 0.0180443316
0.8844209160 0.0186226420
0.8802029828 0.0192035934
0.8759199037 0.0197867668
0.8715724127 0.0203717503
0.8671612547 0.0209581391
0.8626871855 0.0215455369
0.8581509717 0.0221335567
0.8535533906 0.0227218209
0.8488952299 0.0233099627
0.8441772878 0.0238976263
0.8394003728 0.0244844676
0.8345653032 0.0250701549
0.8296729076 0.0256543696
0.8247240242 0.0262368061
0.8197195010 0.0268171730
0.8146601955 0.0273951929
0.8095469747 0.0279706032
0.8043807145 0.0285431562
0.7991623003 0.0291126194
0.7938926261 0.0296787757
0.7885725950 0.0302414236
0.7832031185 0.0308003773
0.7777851165 0.0313554669
0.7723195175 0.0319065382
0.7668072580 0.0324534527
0.7612492824 0.0329960875
0.7556465430 0.0335343352
0.7500000000 0.0340681037
0.7443106207 0.0345973159
0.7385793801 0.0351219092
0.7328072602 0.0356418356
0.7269952499 0.0361570606
0.7211443451 0.0366675635
0.7152555484 0.0371733363
0.7093298688 0.0376743831
0.7033683215 0.0381707202
0.6973719282 0.0386623744
0.6913417162 0.0391493832
0.6852787188 0.0396317937
0.6791839748 0.0401096615
0.6730585285 0.0405830506
0.6669034296 0.0410520319
0.6607197327 0.0415166829
0.6545084972 0.0419770860
0.6482707875 0.0424333287
0.6420076724 0.0428855017
0.6357202249 0.0433336983
0.6294095226 0.0437780135
0.6230766465 0.0442185430
0.6167226819 0.0446553822
0.6103487175 0.0450886252
0.6039558454 0.0455183638
0.5975451610 0.0459446866
0.5911177627 0.0463676780
0.5846747519 0.0467874173
0.5782172325 0.0472039778
0.5717463110 0.0476174256
0.5652630961 0.0480278194
0.5587686987 0.0484352087
0.5522642316 0.0488396339
0.5457508093 0.0492411249
0.5392295479 0.0496397006
0.5327015646 0.0500353681
0.5261679781 0.0504281223
0.5196299079 0.0508179447
0.5130884742 0.0512048037
0.5065447978 0.0515886533
0.5000000000 0.0519694329
0.4934552022 0.0523470672
0.4869115258 0.0527214655
0.4803700921 0.0530925215
0.4738320219 0.0534601131
0.4672984354 0.0538241025
0.4607704521 0.0541843354
0.4542491907 0.0545406419
0.4477357684 0.0548928359
0.4412313013 0.0552407154
0.4347369039 0.0555840625
0.4282536890 0.0559226439
0.4217827675 0.0562562111
0.4153252481 0.0565845008
0.4088822373 0.0569072349
0.4024548390 0.0572241217
0.3960441546 0.0575348559
0.3896512825 0.0578391192
0.3832773181 0.0581365815
0.3769233535 0.0584269007
0.3705904774 0.0587097242
0.3642797751 0.0589846896
0.3579923276 0.0592514251
0.3517292125 0.0595095508
0.3454915028 0.0597586794
0.3392802673 0.0599984173
0.3330965704 0.0602283655
0.3269414715 0.0604481205
0.3208160252 0.0606572757
0.3147212812 0.0608554219
0.3086582838 0.0610421488
0.3026280718 0.0612170460
0.2966316785 0.0613797038
0.2906701312 0.0615297146
0.2847444516 0.0616666738
0.2788556549 0.0617901811
0.2730047501 0.0618998411
0.2671927398 0.0619952647
0.2614206199 0.0620760701
0.2556893793 0.0621418836
0.2500000000 0.0621923409
0.2443534570 0.0622270875
0.2387507176 0.0622457802
0.2331927420 0.0622480875
0.2276804825 0.0622336906
0.2222148835 0.0622022842
0.2167968815 0.0621535770
0.2114274050 0.0620872928
0.2061073739 0.0620031705
0.2008376997 0.0619009650
0.1956192855 0.0617804477
0.1904530253 0.0616414069
0.1853398045 0.0614836479
0.1802804990 0.0613069935
0.1752759758 0.0611112842
0.1703270924 0.0608963782
0.1654346968 0.0606621518
0.1605996272 0.0604084987
0.1558227122 0.0601353307
0.1511047701 0.0598425770
0.1464466094 0.0595301841
0.1418490283 0.0591981155
0.1373128145 0.0588463513
0.1328387453 0.0584748877
0.1284275873 0.0580837366
0.1240800963 0.0576729246
0.1197970172 0.0572424927
0.1155790840 0.0567924951
0.1114270193 0.0563229988
0.1073415346 0.0558340824
0.1033233299 0.0553258351
0.0993730937 0.0547983556
0.0954915028 0.0542517510
0.0916792224 0.0536861358
0.0879369057 0.0531016300
0.0842651938 0.0524983585
0.0806647160 0.0518764489
0.0771360891 0.0512360306
0.0736799178 0.0505772326
0.0702967942 0.0499001825
0.0669872981 0.0492050040
0.0637519965 0.0484918155
0.0605914437 0.0477607282
0.0575061813 0.0470118434
0.0544967379 0.0462452511
0.0515636292 0.0454610270
0.0487073578 0.0446592303
0.0459284131 0.0438399011
0.0432272712 0.0430030574
0.0406043949 0.0421486917
0.0380602337 0.0412767681
0.0355952236 0.0403872183
0.0332097868 0.0394799375
0.0309043320 0.0385547796
0.0286792545 0.0376115523
0.0265349353 0.0366500111
0.0244717419 0.0356698523
0.0224900278 0.0346707057
0.0205901326 0.0336521249
0.0187723818 0.0326135769
0.0170370869 0.0315544291
0.0153845451 0.0304739336
0.0138150398 0.0293712087
0.0123288397 0.0282452152
0.0109261996 0.0270947271
0.0096073598 0.0259182947
0.0083725462 0.0247141965
0.0072219705 0.0234803766
0.0061558297 0.0222143609
0.0051743066 0.0209131428
0.0042775693 0.0195730230
0.0034657715 0.0181893795
0.0027390523 0.0167563238
0.0020975362 0.0152661677
0.0015413331 0.0137085493
0.0010705384 0.0120689065
0.0006852326 0.0103255630
0.0003854819 0.0084434394
0.0001713375 0.0063576791
0.0000428362 0.0039138258
0.0000000000 0.0000000000
0.0000428362 -0.0046179677
0.0001713375 -0.0075007306
0.0003854819 -0.0099598073
0.0006852326 -0.0121770801
0.0010705384 -0.0142287537
0.0015413331 -0.0161559323
0.0020975362 -0.0179839356
0.0027390523 -0.0197297160
0.0034657715 -0.0214052960
0.0042775693 -0.0230195692
0.0051743066 -0.0245793302
0.0061558297 -0.0260899043
0.0072219705 -0.0275555529
0.0083725462 -0.0289797451
0.0096073598 -0.0303653467
0.0109261996 -0.0317147553
0.0123288397 -0.0330299989
0.0138150398 -0.0343128100
0.0153845451 -0.0355646824
0.0170370869 -0.0367869142
0.0187723818 -0.0379806430
0.0205901326 -0.0391468722
0.0224900278 -0.0402864941
0.0244717419 -0.0414003070
0.0265349353 -0.0424890302
0.0286792545 -0.0435533161
0.0309043320 -0.0445937603
0.0332097868 -0.0456109103
0.0355952236 -0.0466052721
0.0380602337 -0.0475773169
0.0406043949 -0.0485274859
0.0432272712 -0.0494561949
0.0459284131 -0.0503638379
0.0487073578 -0.0512507904
0.0515636292 -0.0521174122
0.0544967379 -0.0529640499
0.0575061813 -0.0537910387
0.0605914437 -0.0545987044
0.0637519965 -0.0553873647
0.0669872981 -0.0561573307
0.0702967942 -0.0569089077
0.0736799178 -0.0576423965
0.0771360891 -0.0583580938
0.0806647160 -0.0590562927
0.0842651938 -0.0597372837
0.0879369057 -0.0604013546
0.0916792224 -0.0610487910
0.0954915028 -0.0616798765
0.0993730937 -0.0622948924
0.1033233299 -0.0628941182
0.1073415346 -0.0634778315
0.1114270193 -0.0640463075
0.1155790840 -0.0645998191
0.1197970172 -0.0651386368
0.1240800963 -0.0656630281
0.1284275873 -0.0661732575
0.1328387453 -0.0666695859
0.1373128145 -0.0671522706
0.1418490283 -0.0676215642
0.1464466094 -0.0680777151
0.1511047701 -0.0685209661
0.1558227122 -0.0689515547
0.1605996272 -0.0693697123
0.1654346968 -0.0697756634
0.1703270924 -0.0701696258
0.1752759758 -0.0705518095
0.1802804990 -0.0709224164
0.1853398045 -0.0712816400
0.1904530253 -0.0716296645
0.1956192855 -0.0719666648
0.2008376997 -0.0722928054
0.2061073739 -0.0726082408
0.2114274050 -0.0729131142
0.2167968815 -0.0732075576
0.2222148835 -0.0734916913
0.2276804825 -0.0737656235
0.2331927420 -0.0740294500
0.2387507176 -0.0742832538
0.2443534570 -0.0745271048
0.2500000000 -0.0747610599
0.2556893793 -0.0749851623
0.2614206199 -0.0751994415
0.2671927398 -0.0754039136
0.2730047501 -0.0755985804
0.2788556549 -0.0757834302
0.2847444516 -0.0759584370
0.2906701312 -0.0761235612
0.2966316785 -0.0762787495
0.3026280718 -0.0764239345
0.3086582838 -0.0765590359
0.3147212812 -0.0766839597
0.3208160252 -0.0767985993
0.3269414715 -0.0769028351
0.3330965704 -0.0769965353
0.3392802673 -0.0770795565
0.3454915028 -0.0771517434
0.3517292125 -0.0772129302
0.3579923276 -0.0772629404
0.3642797751 -0.0773015879
0.3705904774 -0.0773286774
0.3769233535 -0.0773440048
0.3832773181 -0.0773473587
0.3896512825 -0.0773385202
0.3960441546 -0.0773172643
0.4024548390 -0.0772833604
0.4088822373 -0.0772365735
0.4153252481 -0.0771766645
0.4217827675 -0.0771033916
0.4282536890 -0.0770165110
0.4347369039 -0.0769157776
0.4412313013 -0.0768009465
0.4477357684 -0.0766717735
0.4542491907 -0.0765280163
0.4607704521 -0.0763694353
0.4672984354 -0.0761957948
0.4738320219 -0.0760068638
0.4803700921 -0.0758024171
0.4869115258 -0.0755822364
0.4934552022 -0.0753461109
0.5000000000 -0.0750938386
0.5065447978 -0.0748252272
0.5130884742 -0.0745400951
0.5196299079 -0.0742382720
0.5261679781 -0.0739196002
0.5327015646 -0.0735839353
0.5392295479 -0.0732311469
0.5457508093 -0.0728611198
0.5522642316 -0.0724737543
0.5587686987 -0.0720689673
0.5652630961 -0.0716466931
0.5717463110 -0.0712068837
0.5782172325 -0.0707495097
0.5846747519 -0.0702745608
0.5911177627 -0.0697820462
0.5975451610 -0.0692719957
0.6039558454 -0.0687444592
0.6103487175 -0.0681995079
0.6167226819 -0.0676372344
0.6230766465 -0.0670577527
0.6294095226 -0.0664611990
0.6357202249 -0.0658477313
0.6420076724 -0.0652175301
0.6482707875 -0.0645707981
0.6545084972 -0.0639077602
0.6607197327 -0.0632286639
0.6669034296 -0.0625337786
0.6730585285 -0.0618233962
0.6791839748 -0.0610978303
0.6852787188 -0.0603574161
0.6913417162 -0.0596025103
0.6973719282 -0.0588334909
0.7033683215 -0.0580507561
0.7093298688 -0.0572547248
0.7152555484 -0.0564458353
0.7211443451 -0.0556245454
0.7269952499 -0.0547913315
0.7328072602 -0.0539466881
0.7385793801 -0.0530911268
0.7443106207 -0.0522251765
0.7500000000 -0.0513493815
0.7556465430 -0.0504643019
0.7612492824 -0.0495705120
0.7668072580 -0.0486685997
0.7723195175 -0.0477591658
0.7777851165 -0.0468428233
0.7832031185 -0.0459201959
0.7885725950 -0.0449919177
0.7938926261 -0.0440586320
0.7991623003 -0.0431209907
0.8043807145 -0.0421796526
0.8095469747 -0.0412352835
0.8146601955 -0.0402885542
0.8197195010 -0.0393401404
0.8247240242 -0.0383907212
0.8296729076 -0.0374409784
0.8345653032 -0.0364915953
0.8394003728 -0.0355432561
0.8441772878 -0.0345966447
0.8488952299 -0.0336524438
0.8535533906 -0.0327113339
0.8581509717 -0.0317739926
0.8626871855 -0.0308410936
0.8671612547 -0.0299133058
0.8715724127 -0.0289912924
0.8759199037 -0.0280757100
0.8802029828 -0.0271672081
0.8844209160 -0.0262664278
0.8885729807 -0.0253740016
0.8926584654 -0.0244905521
0.8966766701 -0.0236166915
0.9006269063 -0.0227530211
0.9045084972 -0.0219001300
0.9083207776 -0.0210585953
0.9120630943 -0.0202289808
0.9157348062 -0.0194118366
0.9193352840 -0.0186076986
0.9228639109 -0.0178170878
0.9263200822 -0.0170405098
0.9297032058 -0.0162784546
0.9330127019 -0.0155313956
0.9362480035 -0.0147997895
0.9394085563 -0.0140840758
0.9424938187 -0.0133846763
0.9455032621 -0.0127019948
0.9484363708 -0.0120364167
0.9512926422 -0.0113883086
0.9540715869 -0.0107580179
0.9567727288 -0.0101458729
0.9593956051 -0.0095521816
0.9619397663 -0.0089772323
0.9644047764 -0.0084212929
0.9667902132 -0.0078846103
0.9690956680 -0.0073674108
0.9713207455 -0.0068698990
0.9734650647 -0.0063922581
0.9755282581 -0.0059346492
0.9775099722 -0.0054972109
0.9794098674 -0.0050800593
0.9812276182 -0.0046832869
0.9829629131 -0.0043069627
0.9846154549 -0.0039511314
0.9861849602 -0.0036158128
0.9876711603 -0.0033010009
0.9890738004 -0.0030066631
0.9903926402 -0.0027327392
0.9916274538 -0.0024791404
0.9927780295 -0.0022457473
0.9938441703 -0.0020324083
0.9948256934 -0.0018389374
0.9957224307 -0.0016651113
0.9965342285 -0.0015106654
0.9972609477 -0.0013752894
0.9979024638 -0.0012586205
0.9984586669 -0.0011602345
0.9989294616 -0.0010796326
0.9993147674 -0.0010162217
0.9996145181 -0.0009692814
0.9998286625 -0.0009379044
0.9999571638 -0.0009208622
1.0000000000 -0.0009161270
