CST_STATION_059
1.0000000000 0.0011211221
0.9999571638 0.0011225625
0.9998286625 0.0011277700
0.9996145181 0.0011373845
0.9993147674 0.0011518028
0.9989294616 0.0011713285
0.9984586669 0.0011962142
0.9979024638 0.0012266802
0.9972609477 0.0012629252
0.9965342285 0.0013051323
0.9957224307 0.0013534738
0.9948256934 0.0014081133
0.9938441703 0.0014692081
0.9927780295 0.0015369111
0.9916274538 0.0016113712
0.9903926402 0.0016927345
0.9890738004 0.0017811451
0.9876711603 0.0018767451
0.9861849602 0.0019796752
0.9846154549 0.0020900750
0.9829629131 0.0022080828
0.9812276182 0.0023338358
0.9794098674 0.0024674703
0.9775099722 0.0026091211
0.9755282581 0.0027589220
0.9734650647 0.0029170051
0.9713207455 0.0030835008
0.9690956680 0.0032585376
0.9667902132 0.0034422419
0.9644047764 0.0036347372
0.9619397663 0.0038361447
0.9593956051 0.0040465818
0.9567727288 0.0042661626
0.9540715869 0.0044949972
0.9512926422 0.0047331914
0.9484363708 0.0049808459
0.9455032621 0.0052380563
0.9424938187 0.0055049126
0.9394085563 0.0057814984
0.9362480035 0.0060678909
0.9330127019 0.0063641601
0.9297032058 0.0066703683
0.9263200822 0.0069865700
0.9228639109 0.0073128111
0.9193352840 0.0076491284
0.9157348062 0.0079955493
0.9120630943 0.0083520913
0.9083207776 0.0087187616
0.9045084972 0.0090955563
0.9006269063 0.0094824606
0.8966766701 0.0098794477
0.8926584654 0.0102864788
0.8885729807 0.0107035026
0.8844209160 0.0111304550
0.8802029828 0.0115672585
0.8759199037 0.0120138220
0.8715724127 0.0124700408
0.8671612547 0.0129357955
0.8626871855 0.0134109528
0.8581509717 0.0138953641
0.8535533906 0.0143888664
0.8488952299 0.0148912813
0.8441772878 0.0154024151
0.8394003728 0.0159220588
0.8345653032 0.0164499879
0.8296729076 0.0169859623
0.8247240242 0.0175297265
0.8197195010 0.0180810091
0.8146601955 0.0186395235
0.8095469747 0.0192049675
0.8043807145 0.0197770236
0.7991623003 0.0203553591
0.7938926261 0.0209396265
0.7885725950 0.0215294634
0.7832031185 0.0221244931
0.7777851165 0.0227243245
0.7723195175 0.0233285531
0.7668072580 0.0239367606
0.7612492824 0.0245485159
0.7556465430 0.0251633754
0.7500000000 0.0257808834
0.7443106207 0.0264005728
0.7385793801 0.0270219655
0.7328072602 0.0276445731
0.7269952499 0.0282678976
0.7211443451 0.0288914318
0.7152555484 0.0295146605
0.7093298688 0.0301370605
0.7033683215 0.0307581021
0.6973719282 0.0313772494
0.6913417162 0.0319939614
0.6852787188 0.0326076925
0.6791839748 0.0332178935
0.6730585285 0.0338240129
0.6669034296 0.0344254968
0.6607197327 0.0350217907
0.6545084972 0.0356123401
0.6482707875 0.0361965914
0.6420076724 0.0367739927
0.6357202249 0.0373439949
0.6294095226 0.0379060527
0.6230766465 0.0384596254
0.6167226819 0.0390041777
0.6103487175 0.0395391809
0.6039558454 0.0400641139
0.5975451610 0.0405784637
0.5911177627 0.0410817265
0.5846747519 0.0415734088
0.5782172325 0.0420530279
0.5717463110 0.0425201132
0.5652630961 0.0429742064
0.5587686987 0.0434148631
0.5522642316 0.0438416528
0.5457508093 0.0442541602
0.5392295479 0.0446519857
0.5327015646 0.0450347462
0.5261679781 0.0454020756
0.5196299079 0.0457536257
0.5130884742 0.0460890663
0.5065447978 0.0464080863
0.5000000000 0.0467103941
0.4934552022 0.0469957177
0.4869115258 0.0472638055
0.4803700921 0.0475144265
0.4738320219 0.0477473709
0.4672984354 0.0479624500
0.4607704521 0.0481594967
0.4542491907 0.0483383658
0.4477357684 0.0484989339
0.4412313013 0.0486410997
0.4347369039 0.0487647840
0.4282536890 0.0488699296
0.4217827675 0.0489565017
0.4153252481 0.0490244871
0.4088822373 0.0490738950
0.4024548390 0.0491047559
0.3960441546 0.0491171220
0.3896512825 0.0491110668
0.3832773181 0.0490866848
0.3769233535 0.0490440909
0.3705904774 0.0489834205
0.3642797751 0.0489048288
0.3579923276 0.0488084902
0.3517292125 0.0486945981
0.3454915028 0.0485633641
0.3392802673 0.0484150178
0.3330965704 0.0482498056
0.3269414715 0.0480679909
0.3208160252 0.0478698525
0.3147212812 0.0476556847
0.3086582838 0.0474257962
0.3026280718 0.0471805093
0.2966316785 0.0469201594
0.2906701312 0.0466450942
0.2847444516 0.0463556726
0.2788556549 0.0460522643
0.2730047501 0.0457352486
0.2671927398 0.0454050139
0.2614206199 0.0450619568
0.2556893793 0.0447064809
0.2500000000 0.0443389964
0.2443534570 0.0439599191
0.2387507176 0.0435696693
0.2331927420 0.0431686716
0.2276804825 0.0427573530
0.2222148835 0.0423361432
0.2167968815 0.0419054730
0.2114274050 0.0414657737
0.2061073739 0.0410174763
0.2008376997 0.0405610107
0.1956192855 0.0400968048
0.1904530253 0.0396252838
0.1853398045 0.0391468695
0.1802804990 0.0386619795
0.1752759758 0.0381710263
0.1703270924 0.0376744169
0.1654346968 0.0371725517
0.1605996272 0.0366658243
0.1558227122 0.0361546204
0.1511047701 0.0356393176
0.1464466094 0.0351202843
0.1418490283 0.0345978795
0.1373128145 0.0340724522
0.1328387453 0.0335443405
0.1284275873 0.0330138714
0.1240800963 0.0324813605
0.1197970172 0.0319471107
0.1155790840 0.0314114128
0.1114270193 0.0308745441
0.1073415346 0.0303367686
0.1033233299 0.0297983364
0.0993730937 0.0292594831
0.0954915028 0.0287204296
0.0916792224 0.0281813819
0.0879369057 0.0276425305
0.0842651938 0.0271040498
0.0806647160 0.0265660984
0.0771360891 0.0260288182
0.0736799178 0.0254923342
0.0702967942 0.0249567542
0.0669872981 0.0244221685
0.0637519965 0.0238886491
0.0605914437 0.0233562499
0.0575061813 0.0228250056
0.0544967379 0.0222949317
0.0515636292 0.0217660240
0.0487073578 0.0212382575
0.0459284131 0.0207115862
0.0432272712 0.0201859423
0.0406043949 0.0196612351
0.0380602337 0.0191373505
0.0355952236 0.0186141492
0.0332097868 0.0180914662
0.0309043320 0.0175691086
0.0286792545 0.0170468544
0.0265349353 0.0165244499
0.0244717419 0.0160016077
0.0224900278 0.0154780034
0.0205901326 0.0149532724
0.0187723818 0.0144270054
0.0170370869 0.0138987432
0.0153845451 0.0133679708
0.0138150398 0.0128341091
0.0123288397 0.0122965055
0.0109261996 0.0117544215
0.0096073598 0.0112070171
0.0083725462 0.0106533305
0.0072219705 0.0100922517
0.0061558297 0.0095224868
0.0051743066 0.0089425093
0.0042775693 0.0083504925
0.0034657715 0.0077442114
0.0027390523 0.0071208970
0.0020975362 0.0064770103
0.0015413331 0.0058078717
0.0010705384 0.0051070152
0.0006852326 0.0043649553
0.0003854819 0.0035665293
0.0001713375 0.0026839802
0.0000428362 0.0016516998
0.0000000000 0.0000000000
0.0000428362 -0.0023814204
0.0001713375 -0.0038686102
0.0003854819 -0.0051381764
0.0006852326 -0.0062841710
0.0010705384 -0.0073461254
0.0015413331 -0.0083454521
0.0020975362 -0.0092954096
0.0027390523 -0.0102049299
0.0034657715 -0.0110803929
0.0042775693 -0.0119265554
0.0051743066 -0.0127470838
0.0061558297 -0.0135448791
0.0072219705 -0.0143222863
0.0083725462 -0.0150812347
0.0096073598 -0.0158233355
0.0109261996 -0.0165499518
0.0123288397 -0.0172622493
0.0138150398 -0.0179612348
0.0153845451 -0.0186477849
0.0170370869 -0.0193226687
0.0187723818 -0.0199865657
0.0205901326 -0.0206400791
0.0224900278 -0.0212837476
0.0244717419 -0.0219180544
0.0265349353 -0.0225434343
0.0286792545 -0.0231602802
0.0309043320 -0.0237689480
0.0332097868 -0.0243697605
0.0355952236 -0.0249630116
0.0380602337 -0.0255489683
0.0406043949 -0.0261278742
0.0432272712 -0.0266999508
0.0459284131 -0.0272653996
0.0487073578 -0.0278244035
0.0515636292 -0.0283771283
0.0544967379 -0.0289237232
0.0575061813 -0.0294643224
0.0605914437 -0.0299990454
0.0637519965 -0.0305279979
0.0669872981 -0.0310512719
0.0702967942 -0.0315689469
0.0736799178 -0.0320810894
0.0771360891 -0.0325877541
0.0806647160 -0.0330889835
0.0842651938 -0.0335848084
0.0879369057 -0.0340752480
0.0916792224 -0.0345603101
0.0954915028 -0.0350399913
0.0993730937 -0.0355142772
0.1033233299 -0.0359831420
0.1073415346 -0.0364465492
0.1114270193 -0.0369044514
0.1155790840 -0.0373567905
0.1197970172 -0.0378034977
0.1240800963 -0.0382444935
0.1284275873 -0.0386796881
0.1328387453 -0.0391089813
0.1373128145 -0.0395322629
0.1418490283 -0.0399494124
0.1464466094 -0.0403602995
0.1511047701 -0.0407647842
0.1558227122 -0.0411627172
0.1605996272 -0.0415539396
0.1654346968 -0.0419382839
0.1703270924 -0.0423155736
0.1752759758 -0.0426856238
0.1802804990 -0.0430482416
0.1853398045 -0.0434032262
0.1904530253 -0.0437503697
0.1956192855 -0.0440894569
0.2008376997 -0.0444202663
0.2061073739 -0.0447425701
0.2114274050 -0.0450561349
0.2167968815 -0.0453607224
0.2222148835 -0.0456560895
0.2276804825 -0.0459419891
0.2331927420 -0.0462181705
0.2387507176 -0.0464843803
0.2443534570 -0.0467403628
0.2500000000 -0.0469858605
0.2556893793 -0.0472206150
0.2614206199 -0.0474443675
0.2671927398 -0.0476568597
0.2730047501 -0.0478578341
0.2788556549 -0.0480470350
0.2847444516 -0.0482242092
0.2906701312 -0.0483891066
0.2966316785 -0.0485414809
0.3026280718 -0.0486810906
0.3086582838 -0.0488076994
0.3147212812 -0.0489210769
0.3208160252 -0.0490209998
0.3269414715 -0.0491072520
0.3330965704 -0.0491796258
0.3392802673 -0.0492379223
0.3454915028 -0.0492819522
0.3517292125 -0.0493115365
0.3579923276 -0.0493265071
0.3642797751 -0.0493267075
0.3705904774 -0.0493119934
0.3769233535 -0.0492822333
0.3832773181 -0.0492373089
0.3896512825 -0.0491771161
0.3960441546 -0.0491015650
0.4024548390 -0.0490105808
0.4088822373 -0.0489041039
0.4153252481 -0.0487820907
0.4217827675 -0.0486445137
0.4282536890 -0.0484913620
0.4347369039 -0.0483226416
0.4412313013 -0.0481383755
0.4477357684 -0.0479386045
0.4542491907 -0.0477233865
0.4607704521 -0.0474927974
0.4672984354 -0.0472469312
0.4738320219 -0.0469858995
0.4803700921 -0.0467098320
0.4869115258 -0.0464188765
0.4934552022 -0.0461131985
0.5000000000 -0.0457929814
0.5065447978 -0.0454584264
0.5130884742 -0.0451097520
0.5196299079 -0.0447471942
0.5261679781 -0.0443710056
0.5327015646 -0.0439814558
0.5392295479 -0.0435788306
0.5457508093 -0.0431634318
0.5522642316 -0.0427355766
0.5587686987 -0.0422955972
0.5652630961 -0.0418438405
0.5717463110 -0.0413806672
0.5782172325 -0.0409064514
0.5846747519 -0.0404215802
0.5911177627 -0.0399264526
0.5975451610 -0.0394214793
0.6039558454 -0.0389070817
0.6103487175 -0.0383836914
0.6167226819 -0.0378517492
0.6230766465 -0.0373117047
0.6294095226 -0.0367640152
0.6357202249 -0.0362091451
0.6420076724 -0.0356475650
0.6482707875 -0.0350797510
0.6545084972 -0.0345061838
0.6607197327 -0.0339273479
0.6669034296 -0.0333437306
0.6730585285 -0.0327558216
0.6791839748 -0.0321641116
0.6852787188 -0.0315690919
0.6913417162 -0.0309712534
0.6973719282 -0.0303710860
0.7033683215 -0.0297690774
0.7093298688 -0.0291657125
0.7152555484 -0.0285614727
0.7211443451 -0.0279568352
0.7269952499 -0.0273522721
0.7328072602 -0.0267482494
0.7385793801 -0.0261452270
0.7443106207 -0.0255436573
0.7500000000 -0.0249439851
0.7556465430 -0.0243466466
0.7612492824 -0.0237520689
0.7668072580 -0.0231606696
0.7723195175 -0.0225728558
0.7777851165 -0.0219890243
0.7832031185 -0.0214095604
0.7885725950 -0.0208348380
0.7938926261 -0.0202652187
0.7991623003 -0.0197010519
0.8043807145 -0.0191426741
0.8095469747 -0.0185904088
0.8146601955 -0.0180445661
0.8197195010 -0.0175054426
0.8247240242 -0.0169733211
0.8296729076 -0.0164484704
0.8345653032 -0.0159311453
0.8394003728 -0.0154215863
0.8441772878 -0.0149200197
0.8488952299 -0.0144266578
0.8535533906 -0.0139416983
0.8581509717 -0.0134653249
0.8626871855 -0.0129977072
0.8671612547 -0.0125390007
0.8715724127 -0.0120893468
0.8759199037 -0.0116488737
0.8802029828 -0.0112176956
0.8844209160 -0.0107959135
0.8885729807 -0.0103836155
0.8926584654 -0.0099808767
0.8966766701 -0.0095877599
0.9006269063 -0.0092043154
0.9045084972 -0.0088305818
0.9083207776 -0.0084665864
0.9120630943 -0.0081123450
0.9157348062 -0.0077678629
0.9193352840 -0.0074331349
0.9228639109 -0.0071081458
0.9263200822 -0.0067928711
0.9297032058 -0.0064872768
0.9330127019 -0.0061913207
0.9362480035 -0.0059049520
0.9394085563 -0.0056281123
0.9424938187 -0.0053607357
0.9455032621 -0.0051027496
0.9484363708 -0.0048540747
0.9512926422 -0.0046146258
0.9540715869 -0.0043843122
0.9567727288 -0.0041630378
0.9593956051 -0.0039507020
0.9619397663 -0.0037471998
0.9644047764 -0.0035524221
0.9667902132 -0.0033662564
0.9690956680 -0.0031885869
0.9713207455 -0.0030192950
0.9734650647 -0.0028582596
0.9755282581 -0.0027053572
0.9775099722 -0.0025604624
0.9794098674 -0.0024234482
0.9812276182 -0.0022941858
0.9829629131 -0.0021725454
0.9846154549 -0.0020583956
0.9861849602 -0.0019516042
0.9876711603 -0.0018520376
0.9890738004 -0.0017595612
0.9903926402 -0.0016740391
0.9916274538 -0.0015953339
0.9927780295 -0.0015233066
0.9938441703 -0.0014578159
0.9948256934 -0.0013987177
0.9957224307 -0.0013458643
0.9965342285 -0.0012991035
0.9972609477 -0.0012582770
0.9979024638 -0.0012232181
0.9984586669 -0.0011937496
0.9989294616 -0.0011696793
0.9993147674 -0.0011507939
0.9996145181 -0.0011368490
0.9998286625 -0.0011275506
0.9999571638 -0.0011225147
1.0000000000 -0.0011211221
