CST_STATION_028
1.0000000000 0.0009346218
0.9999571638 0.0009384126
0.9998286625 0.0009520537
0.9996145181 0.0009771627
0.9993147674 0.0010147128
0.9989294616 0.0010654154
0.9984586669 0.0011298270
0.9979024638 0.0012083970
0.9972609477 0.0013014941
0.9965342285 0.0014094215
0.9957224307 0.0015324281
0.9948256934 0.0016707151
0.9938441703 0.0018244417
0.9927780295 0.0019937287
0.9916274538 0.0021786620
0.9903926402 0.0023792946
0.9890738004 0.0025956491
0.9876711603 0.0028277188
0.9861849602 0.0030754696
0.9846154549 0.0033388410
0.9829629131 0.0036177474
0.9812276182 0.0039120789
0.9794098674 0.0042217024
0.9775099722 0.0045464622
0.9755282581 0.0048861814
0.9734650647 0.0052406618
0.9713207455 0.0056096856
0.9690956680 0.0059930156
0.9667902132 0.0063903959
0.9644047764 0.0068015531
0.9619397663 0.0072261965
0.9593956051 0.0076640193
0.9567727288 0.0081146991
0.9540715869 0.0085778987
0.9512926422 0.0090532669
0.9484363708 0.0095404393
0.9455032621 0.0100390390
0.9424938187 0.0105486776
0.9394085563 0.0110689559
0.9362480035 0.0115994646
0.9330127019 0.0121397855
0.9297032058 0.0126894919
0.9263200822 0.0132481500
0.9228639109 0.0138153193
0.9193352840 0.0143905536
0.9157348062 0.0149734022
0.9120630943 0.0155634105
0.9083207776 0.0161601209
0.9045084972 0.0167630740
0.9006269063 0.0173718090
0.8966766701 0.0179858653
0.8926584654 0.0186047828
0.8885729807 0.0192281031
0.8844209160 0.0198553702
0.8802029828 0.0204861318
0.8759199037 0.0211199398
0.8715724127 0.0217563511
0.8671612547 0.0223949288
0.8626871855 0.0230352429
0.8581509717 0.0236768710
0.8535533906 0.0243193990
0.8488952299 0.0249624223
0.8441772878 0.0256055459
0.8394003728 0.0262483858
0.8345653032 0.0268905692
0.8296729076 0.0275317351
0.8247240242 0.0281715352
0.8197195010 0.0288096342
0.8146601955 0.0294457106
0.8095469747 0.0300794568
0.8043807145 0.0307105798
0.7991623003 0.0313388015
0.7938926261 0.0319638589
0.7885725950 0.0325855047
0.7832031185 0.0332035070
0.7777851165 0.0338176501
0.7723195175 0.0344277341
0.7668072580 0.0350335751
0.7612492824 0.0356350054
0.7556465430 0.0362318731
0.7500000000 0.0368240424
0.7443106207 0.0374113929
0.7385793801 0.0379938199
0.7328072602 0.0385712337
0.7269952499 0.0391435595
0.7211443451 0.0397107369
0.7152555484 0.0402727194
0.7093298688 0.0408294741
0.7033683215 0.0413809807
0.6973719282 0.0419272315
0.6913417162 0.0424682301
0.6852787188 0.0430039911
0.6791839748 0.0435345393
0.6730585285 0.0440599087
0.6669034296 0.0445801419
0.6607197327 0.0450952892
0.6545084972 0.0456054075
0.6482707875 0.0461105596
0.6420076724 0.0466108132
0.6357202249 0.0471062397
0.6294095226 0.0475969136
0.6230766465 0.0480829113
0.6167226819 0.0485643101
0.6103487175 0.0490411871
0.6039558454 0.0495136184
0.5975451610 0.0499816781
0.5911177627 0.0504454370
0.5846747519 0.0509049619
0.5782172325 0.0513603147
0.5717463110 0.0518115513
0.5652630961 0.0522587205
0.5587686987 0.0527018638
0.5522642316 0.0531410140
0.5457508093 0.0535761943
0.5392295479 0.0540074181
0.5327015646 0.0544346879
0.5261679781 0.0548579947
0.5196299079 0.0552773175
0.5130884742 0.0556926225
0.5065447978 0.0561038629
0.5000000000 0.0565109784
0.4934552022 0.0569138946
0.4869115258 0.0573125227
0.4803700921 0.0577067597
0.4738320219 0.0580964874
0.4672984354 0.0584815728
0.4607704521 0.0588618676
0.4542491907 0.0592372086
0.4477357684 0.0596074172
0.4412313013 0.0599722993
0.4347369039 0.0603316458
0.4282536890 0.0606852324
0.4217827675 0.0610328195
0.4153252481 0.0613741523
0.4088822373 0.0617089611
0.4024548390 0.0620369612
0.3960441546 0.0623578527
0.3896512825 0.0626713208
0.3832773181 0.0629770359
0.3769233535 0.0632746532
0.3705904774 0.0635638130
0.3642797751 0.0638441402
0.3579923276 0.0641152448
0.3517292125 0.0643767214
0.3454915028 0.0646281491
0.3392802673 0.0648690919
0.3330965704 0.0650990981
0.3269414715 0.0653177007
0.3208160252 0.0655244178
0.3147212812 0.0657187526
0.3086582838 0.0659001938
0.3026280718 0.0660682169
0.2966316785 0.0662222845
0.2906701312 0.0663618479
0.2847444516 0.0664863485
0.2788556549 0.0665952197
0.2730047501 0.0666878891
0.2671927398 0.0667637811
0.2614206199 0.0668223196
0.2556893793 0.0668629316
0.2500000000 0.0668850504
0.2443534570 0.0668881196
0.2387507176 0.0668715974
0.2331927420 0.0668349604
0.2276804825 0.0667777083
0.2222148835 0.0666993684
0.2167968815 0.0665994994
0.2114274050 0.0664776963
0.2061073739 0.0663335939
0.2008376997 0.0661668705
0.1956192855 0.0659772513
0.1904530253 0.0657645110
0.1853398045 0.0655284761
0.1802804990 0.0652690261
0.1752759758 0.0649860949
0.1703270924 0.0646796706
0.1654346968 0.0643497950
0.1605996272 0.0639965624
0.1558227122 0.0636201176
0.1511047701 0.0632206533
0.1464466094 0.0627984069
0.1418490283 0.0623536564
0.1373128145 0.0618867164
0.1328387453 0.0613979333
0.1284275873 0.0608876803
0.1240800963 0.0603563521
0.1197970172 0.0598043595
0.1155790840 0.0592321240
0.1114270193 0.0586400727
0.1073415346 0.0580286323
0.1033233299 0.0573982251
0.0993730937 0.0567492631
0.0954915028 0.0560821444
0.0916792224 0.0553972485
0.0879369057 0.0546949330
0.0842651938 0.0539755296
0.0806647160 0.0532393421
0.0771360891 0.0524866430
0.0736799178 0.0517176717
0.0702967942 0.0509326329
0.0669872981 0.0501316950
0.0637519965 0.0493149888
0.0605914437 0.0484826070
0.0575061813 0.0476346030
0.0544967379 0.0467709909
0.0515636292 0.0458917445
0.0487073578 0.0449967972
0.0459284131 0.0440860414
0.0432272712 0.0431593278
0.0406043949 0.0422164645
0.0380602337 0.0412572161
0.0355952236 0.0402813020
0.0332097868 0.0392883943
0.0309043320 0.0382781158
0.0286792545 0.0372500361
0.0265349353 0.0362036676
0.0244717419 0.0351384605
0.0224900278 0.0340537963
0.0205901326 0.0329489794
0.0187723818 0.0318232273
0.0170370869 0.0306756584
0.0153845451 0.0295052758
0.0138150398 0.0283109491
0.0123288397 0.0270913890
0.0109261996 0.0258451170
0.0096073598 0.0245704259
0.0083725462 0.0232653282
0.0072219705 0.0219274886
0.0061558297 0.0205541336
0.0051743066 0.0191419271
0.0042775693 0.0176867970
0.0034657715 0.0161836848
0.0027390523 0.0146261720
0.0020975362 0.0130058997
0.0015413331 0.0113116185
0.0010705384 0.0095275266
0.0006852326 0.0076300988
0.0003854819 0.0055812420
0.0001713375 0.0033104733
0.0000428362 0.0006498009
0.0000000000 -0.0036109812
0.0000428362 -0.0052425910
0.0001713375 -0.0075662694
0.0003854819 -0.0095503783
0.0006852326 -0.0113415828
0.0010705384 -0.0130014205
0.0015413331 -0.0145631468
0.0020975362 -0.0160472939
0.0027390523 -0.0174676453
0.0034657715 -0.0188340058
0.0042775693 -0.0201536514
0.0051743066 -0.0214321603
0.0061558297 -0.0226739195
0.0072219705 -0.0238824515
0.0083725462 -0.0250606334
0.0096073598 -0.0262108491
0.0109261996 -0.0273350978
0.0123288397 -0.0284350742
0.0138150398 -0.0295122276
0.0153845451 -0.0305678076
0.0170370869 -0.0316028994
0.0187723818 -0.0326184515
0.0205901326 -0.0336152979
0.0224900278 -0.0345941755
0.0244717419 -0.0355557393
0.0265349353 -0.0365005736
0.0286792545 -0.0374292025
0.0309043320 -0.0383420979
0.0332097868 -0.0392396865
0.0355952236 -0.0401223559
0.0380602337 -0.0409904596
0.0406043949 -0.0418443214
0.0432272712 -0.0426842391
0.0459284131 -0.0435104875
0.0487073578 -0.0443233218
0.0515636292 -0.0451229798
0.0544967379 -0.0459096838
0.0575061813 -0.0466836428
0.0605914437 -0.0474450541
0.0637519965 -0.0481941046
0.0669872981 -0.0489309724
0.0702967942 -0.0496558272
0.0736799178 -0.0503688320
0.0771360891 -0.0510701435
0.0806647160 -0.0517599129
0.0842651938 -0.0524382862
0.0879369057 -0.0531054051
0.0916792224 -0.0537614070
0.0954915028 -0.0544064253
0.0993730937 -0.0550405899
0.1033233299 -0.0556640270
0.1073415346 -0.0562768589
0.1114270193 -0.0568792047
0.1155790840 -0.0574711793
0.1197970172 -0.0580528939
0.1240800963 -0.0586244556
0.1284275873 -0.0591859667
0.1328387453 -0.0597375250
0.1373128145 -0.0602792230
0.1418490283 -0.0608111477
0.1464466094 -0.0613333800
0.1511047701 -0.0618459941
0.1558227122 -0.0623490576
0.1605996272 -0.0628426301
0.1654346968 -0.0633267635
0.1703270924 -0.0638015009
0.1752759758 -0.0642668764
0.1802804990 -0.0647229142
0.1853398045 -0.0651696287
0.1904530253 -0.0656070233
0.1956192855 -0.0660350903
0.2008376997 -0.0664538107
0.2061073739 -0.0668631533
0.2114274050 -0.0672630747
0.2167968815 -0.0676535187
0.2222148835 -0.0680344166
0.2276804825 -0.0684056863
0.2331927420 -0.0687672330
0.2387507176 -0.0691189482
0.2443534570 -0.0694607109
0.2500000000 -0.0697923865
0.2556893793 -0.0701138281
0.2614206199 -0.0704248761
0.2671927398 -0.0707253586
0.2730047501 -0.0710150923
0.2788556549 -0.0712938827
0.2847444516 -0.0715615248
0.2906701312 -0.0718178039
0.2966316785 -0.0720624963
0.3026280718 -0.0722953701
0.3086582838 -0.0725161865
0.3147212812 -0.0727247003
0.3208160252 -0.0729206614
0.3269414715 -0.0731038156
0.3330965704 -0.0732739061
0.3392802673 -0.0734306743
0.3454915028 -0.0735738612
0.3517292125 -0.0737032088
0.3579923276 -0.0738184612
0.3642797751 -0.0739193655
0.3705904774 -0.0740056737
0.3769233535 -0.0740771434
0.3832773181 -0.0741335390
0.3896512825 -0.0741746329
0.3960441546 -0.0742002068
0.4024548390 -0.0742100520
0.4088822373 -0.0742039713
0.4153252481 -0.0741817789
0.4217827675 -0.0741433019
0.4282536890 -0.0740883804
0.4347369039 -0.0740168687
0.4412313013 -0.0739286350
0.4477357684 -0.0738235626
0.4542491907 -0.0737015497
0.4607704521 -0.0735625097
0.4672984354 -0.0734063714
0.4738320219 -0.0732330789
0.4803700921 -0.0730425915
0.4869115258 -0.0728348838
0.4934552022 -0.0726099449
0.5000000000 -0.0723677788
0.5065447978 -0.0721084035
0.5130884742 -0.0718318508
0.5196299079 -0.0715381657
0.5261679781 -0.0712274060
0.5327015646 -0.0708996419
0.5392295479 -0.0705549551
0.5457508093 -0.0701934383
0.5522642316 -0.0698151952
0.5587686987 -0.0694203390
0.5652630961 -0.0690089928
0.5717463110 -0.0685812885
0.5782172325 -0.0681373665
0.5846747519 -0.0676773755
0.5911177627 -0.0672014715
0.5975451610 -0.0667098184
0.6039558454 -0.0662025869
0.6103487175 -0.0656799546
0.6167226819 -0.0651421060
0.6230766465 -0.0645892321
0.6294095226 -0.0640215305
0.6357202249 -0.0634392056
0.6420076724 -0.0628424684
0.6482707875 -0.0622315369
0.6545084972 -0.0616066360
0.6607197327 -0.0609679981
0.6669034296 -0.0603158629
0.6730585285 -0.0596504783
0.6791839748 -0.0589721005
0.6852787188 -0.0582809940
0.6913417162 -0.0575774329
0.6973719282 -0.0568617002
0.7033683215 -0.0561340893
0.7093298688 -0.0553949036
0.7152555484 -0.0546444575
0.7211443451 -0.0538830764
0.7269952499 -0.0531110972
0.7328072602 -0.0523288688
0.7385793801 -0.0515367522
0.7443106207 -0.0507351212
0.7500000000 -0.0499243621
0.7556465430 -0.0491048742
0.7612492824 -0.0482770702
0.7668072580 -0.0474413757
0.7723195175 -0.0465982298
0.7777851165 -0.0457480849
0.7832031185 -0.0448914066
0.7885725950 -0.0440286737
0.7938926261 -0.0431603777
0.7991623003 -0.0422870229
0.8043807145 -0.0414091262
0.8095469747 -0.0405272161
0.8146601955 -0.0396418330
0.8197195010 -0.0387535282
0.8247240242 -0.0378628639
0.8296729076 -0.0369704118
0.8345653032 -0.0360767534
0.8394003728 -0.0351824786
0.8441772878 -0.0342881852
0.8488952299 -0.0333944784
0.8535533906 -0.0325019696
0.8581509717 -0.0316112756
0.8626871855 -0.0307230181
0.8671612547 -0.0298378223
0.8715724127 -0.0289563164
0.8759199037 -0.0280791302
0.8802029828 -0.0272068948
0.8844209160 -0.0263402409
0.8885729807 -0.0254797984
0.8926584654 -0.0246261950
0.8966766701 -0.0237800554
0.9006269063 -0.0229420005
0.9045084972 -0.0221126461
0.9083207776 -0.0212926018
0.9120630943 -0.0204824707
0.9157348062 -0.0196828476
0.9193352840 -0.0188943188
0.9228639109 -0.0181174607
0.9263200822 -0.0173528389
0.9297032058 -0.0166010077
0.9330127019 -0.0158625087
0.9362480035 -0.0151378703
0.9394085563 -0.0144276070
0.9424938187 -0.0137322179
0.9455032621 -0.0130521868
0.9484363708 -0.0123879808
0.9512926422 -0.0117400499
0.9540715869 -0.0111088260
0.9567727288 -0.0104947224
0.9593956051 -0.0098981332
0.9619397663 -0.0093194324
0.9644047764 -0.0087589732
0.9667902132 -0.0082170877
0.9690956680 -0.0076940861
0.9713207455 -0.0071902559
0.9734650647 -0.0067058615
0.9755282581 -0.0062411435
0.9775099722 -0.0057963181
0.9794098674 -0.0053715763
0.9812276182 -0.0049670833
0.9829629131 -0.0045829780
0.9846154549 -0.0042193717
0.9861849602 -0.0038763479
0.9876711603 -0.0035539606
0.9890738004 -0.0032522340
0.9903926402 -0.0029711610
0.9916274538 -0.0027107015
0.9927780295 -0.0024707813
0.9938441703 -0.0022512897
0.9948256934 -0.0020520775
0.9957224307 -0.0018729533
0.9965342285 -0.0017136807
0.9972609477 -0.0015739724
0.9979024638 -0.0014534840
0.9984586669 -0.0013518047
0.9989294616 -0.0012684440
0.9993147674 -0.0012028117
0.9996145181 -0.0011541840
0.9998286625 -0.0011216427
0.9999571638 -0.0011039387
1.0000000000 -0.0010990032
