CST_STATION_029
1.0000000000 0.0009214932
0.9999571638 0.0009254398
0.9998286625 0.0009396463
0.9996145181 0.0009658011
0.9993147674 0.0010049211
0.9989294616 0.0010577512
0.9984586669 0.0011248755
0.9979024638 0.0012067675
0.9972609477 0.0013038170
0.9965342285 0.0014163471
0.9957224307 0.0015446250
0.9948256934 0.0016888691
0.9938441703 0.0018492551
0.9927780295 0.0020259197
0.9916274538 0.0022189640
0.9903926402 0.0024284559
0.9890738004 0.0026544324
0.9876711603 0.0028969009
0.9861849602 0.0031558410
0.9846154549 0.0034312059
0.9829629131 0.0037229229
0.9812276182 0.0040308951
0.9794098674 0.0043550018
0.9775099722 0.0046950996
0.9755282581 0.0050510233
0.9734650647 0.0054225861
0.9713207455 0.0058095811
0.9690956680 0.0062117814
0.9667902132 0.0066289412
0.9644047764 0.0070607961
0.9619397663 0.0075070643
0.9593956051 0.0079674467
0.9567727288 0.0084416280
0.9540715869 0.0089292774
0.9512926422 0.0094300490
0.9484363708 0.0099435828
0.9455032621 0.0104695053
0.9424938187 0.0110074304
0.9394085563 0.0115569598
0.9362480035 0.0121176841
0.9330127019 0.0126891833
0.9297032058 0.0132710280
0.9263200822 0.0138627797
0.9228639109 0.0144639918
0.9193352840 0.0150742106
0.9157348062 0.0156929759
0.9120630943 0.0163198216
0.9083207776 0.0169542773
0.9045084972 0.0175958684
0.9006269063 0.0182441172
0.8966766701 0.0188985437
0.8926584654 0.0195586667
0.8885729807 0.0202240043
0.8844209160 0.0208940749
0.8802029828 0.0215683981
0.8759199037 0.0222464955
0.8715724127 0.0229278913
0.8671612547 0.0236121135
0.8626871855 0.0242986944
0.8581509717 0.0249871717
0.8535533906 0.0256770887
0.8488952299 0.0263679959
0.8441772878 0.0270594507
0.8394003728 0.0277510193
0.8345653032 0.0284422763
0.8296729076 0.0291328060
0.8247240242 0.0298222027
0.8197195010 0.0305100717
0.8146601955 0.0311960295
0.8095469747 0.0318797045
0.8043807145 0.0325607372
0.7991623003 0.0332387814
0.7938926261 0.0339135036
0.7885725950 0.0345845845
0.7832031185 0.0352517183
0.7777851165 0.0359146136
0.7723195175 0.0365729938
0.7668072580 0.0372265966
0.7612492824 0.0378751749
0.7556465430 0.0385184966
0.7500000000 0.0391563446
0.7443106207 0.0397885169
0.7385793801 0.0404148269
0.7328072602 0.0410351025
0.7269952499 0.0416491871
0.7211443451 0.0422569386
0.7152555484 0.0428582293
0.7093298688 0.0434529460
0.7033683215 0.0440409896
0.6973719282 0.0446222744
0.6913417162 0.0451967282
0.6852787188 0.0457642916
0.6791839748 0.0463249175
0.6730585285 0.0468785708
0.6669034296 0.0474252276
0.6607197327 0.0479648751
0.6545084972 0.0484975103
0.6482707875 0.0490231398
0.6420076724 0.0495417793
0.6357202249 0.0500534523
0.6294095226 0.0505581901
0.6230766465 0.0510560305
0.6167226819 0.0515470172
0.6103487175 0.0520311993
0.6039558454 0.0525086301
0.5975451610 0.0529793665
0.5911177627 0.0534434683
0.5846747519 0.0539009973
0.5782172325 0.0543520163
0.5717463110 0.0547965886
0.5652630961 0.0552347770
0.5587686987 0.0556666430
0.5522642316 0.0560922462
0.5457508093 0.0565116434
0.5392295479 0.0569248877
0.5327015646 0.0573320280
0.5261679781 0.0577331081
0.5196299079 0.0581281661
0.5130884742 0.0585172339
0.5065447978 0.0589003360
0.5000000000 0.0592774895
0.4934552022 0.0596487034
0.4869115258 0.0600139775
0.4803700921 0.0603733027
0.4738320219 0.0607266601
0.4672984354 0.0610740206
0.4607704521 0.0614153444
0.4542491907 0.0617505811
0.4477357684 0.0620796688
0.4412313013 0.0624025343
0.4347369039 0.0627190928
0.4282536890 0.0630292477
0.4217827675 0.0633328901
0.4153252481 0.0636298996
0.4088822373 0.0639201435
0.4024548390 0.0642034771
0.3960441546 0.0644797439
0.3896512825 0.0647487753
0.3832773181 0.0650103914
0.3769233535 0.0652644007
0.3705904774 0.0655106005
0.3642797751 0.0657487771
0.3579923276 0.0659787063
0.3517292125 0.0662001539
0.3454915028 0.0664128756
0.3392802673 0.0666166178
0.3330965704 0.0668111181
0.3269414715 0.0669961058
0.3208160252 0.0671713022
0.3147212812 0.0673364214
0.3086582838 0.0674911709
0.3026280718 0.0676352520
0.2966316785 0.0677683607
0.2906701312 0.0678901880
0.2847444516 0.0680004209
0.2788556549 0.0680987430
0.2730047501 0.0681848350
0.2671927398 0.0682583755
0.2614206199 0.0683190418
0.2556893793 0.0683665103
0.2500000000 0.0684004575
0.2443534570 0.0684205604
0.2387507176 0.0684264976
0.2331927420 0.0684179494
0.2276804825 0.0683945987
0.2222148835 0.0683561317
0.2167968815 0.0683022386
0.2114274050 0.0682326138
0.2061073739 0.0681469568
0.2008376997 0.0680449726
0.1956192855 0.0679263722
0.1904530253 0.0677908733
0.1853398045 0.0676382002
0.1802804990 0.0674680849
0.1752759758 0.0672802669
0.1703270924 0.0670744937
0.1654346968 0.0668505214
0.1605996272 0.0666081145
0.1558227122 0.0663470461
0.1511047701 0.0660670985
0.1464466094 0.0657680629
0.1418490283 0.0654497395
0.1373128145 0.0651119379
0.1328387453 0.0647544763
0.1284275873 0.0643771821
0.1240800963 0.0639798915
0.1197970172 0.0635624492
0.1155790840 0.0631247082
0.1114270193 0.0626665296
0.1073415346 0.0621877818
0.1033233299 0.0616883408
0.0993730937 0.0611680890
0.0954915028 0.0606269148
0.0916792224 0.0600647121
0.0879369057 0.0594813796
0.0842651938 0.0588768198
0.0806647160 0.0582509383
0.0771360891 0.0576036429
0.0736799178 0.0569348423
0.0702967942 0.0562444451
0.0669872981 0.0555323587
0.0637519965 0.0547984877
0.0605914437 0.0540427327
0.0575061813 0.0532649881
0.0544967379 0.0524651411
0.0515636292 0.0516430692
0.0487073578 0.0507986381
0.0459284131 0.0499316994
0.0432272712 0.0490420880
0.0406043949 0.0481296190
0.0380602337 0.0471940845
0.0355952236 0.0462352495
0.0332097868 0.0452528483
0.0309043320 0.0442465790
0.0286792545 0.0432160983
0.0265349353 0.0421610151
0.0244717419 0.0410808828
0.0224900278 0.0399751910
0.0205901326 0.0388433545
0.0187723818 0.0376847018
0.0170370869 0.0364984598
0.0153845451 0.0352837360
0.0138150398 0.0340394967
0.0123288397 0.0327645400
0.0109261996 0.0314574612
0.0096073598 0.0301166097
0.0083725462 0.0287400336
0.0072219705 0.0273254057
0.0061558297 0.0258699260
0.0051743066 0.0243701881
0.0042775693 0.0228219920
0.0034657715 0.0212200750
0.0027390523 0.0195577105
0.0020975362 0.0178260840
0.0015413331 0.0160132726
0.0010705384 0.0141024604
0.0006852326 0.0120685326
0.0003854819 0.0098707244
0.0001713375 0.0074334787
0.0000428362 0.0045765016
0.0000000000 0.0000000000
0.0000428362 -0.0029001914
0.0001713375 -0.0047113713
0.0003854819 -0.0062575780
0.0006852326 -0.0076533802
0.0010705384 -0.0089469422
0.0015413331 -0.0101643559
0.0020975362 -0.0113217764
0.0027390523 -0.0124300831
0.0034657715 -0.0134970399
0.0042775693 -0.0145284273
0.0051743066 -0.0155286897
0.0061558297 -0.0165013320
0.0072219705 -0.0174491736
0.0083725462 -0.0183745198
0.0096073598 -0.0192792805
0.0109261996 -0.0201650547
0.0123288397 -0.0210331936
0.0138150398 -0.0218848463
0.0153845451 -0.0227209958
0.0170370869 -0.0235424866
0.0187723818 -0.0243500465
0.0205901326 -0.0251443037
0.0224900278 -0.0259258013
0.0244717419 -0.0266950087
0.0265349353 -0.0274523308
0.0286792545 -0.0281981165
0.0309043320 -0.0289326653
0.0332097868 -0.0296562332
0.0355952236 -0.0303690373
0.0380602337 -0.0310712607
0.0406043949 -0.0317630559
0.0432272712 -0.0324445485
0.0459284131 -0.0331158401
0.0487073578 -0.0337770109
0.0515636292 -0.0344281223
0.0544967379 -0.0350692193
0.0575061813 -0.0357003321
0.0605914437 -0.0363214786
0.0637519965 -0.0369326657
0.0669872981 -0.0375338912
0.0702967942 -0.0381251451
0.0736799178 -0.0387064111
0.0771360891 -0.0392776684
0.0806647160 -0.0398388920
0.0842651938 -0.0403900549
0.0879369057 -0.0409311285
0.0916792224 -0.0414620838
0.0954915028 -0.0419828926
0.0993730937 -0.0424935282
0.1033233299 -0.0429939663
0.1073415346 -0.0434841857
0.1114270193 -0.0439641690
0.1155790840 -0.0444339036
0.1197970172 -0.0448933817
0.1240800963 -0.0453426014
0.1284275873 -0.0457815669
0.1328387453 -0.0462102888
0.1373128145 -0.0466287848
0.1418490283 -0.0470370796
0.1464466094 -0.0474352057
0.1511047701 -0.0478232027
0.1558227122 -0.0482011184
0.1605996272 -0.0485690081
0.1654346968 -0.0489269350
0.1703270924 -0.0492749700
0.1752759758 -0.0496131918
0.1802804990 -0.0499416862
0.1853398045 -0.0502605465
0.1904530253 -0.0505698729
0.1956192855 -0.0508697722
0.2008376997 -0.0511603576
0.2061073739 -0.0514417479
0.2114274050 -0.0517140675
0.2167968815 -0.0519774455
0.2222148835 -0.0522320155
0.2276804825 -0.0524779147
0.2331927420 -0.0527152834
0.2387507176 -0.0529442646
0.2443534570 -0.0531650029
0.2500000000 -0.0533776440
0.2556893793 -0.0535823340
0.2614206199 -0.0537792188
0.2671927398 -0.0539684430
0.2730047501 -0.0541501493
0.2788556549 -0.0543244779
0.2847444516 -0.0544915654
0.2906701312 -0.0546515444
0.2966316785 -0.0548045424
0.3026280718 -0.0549506812
0.3086582838 -0.0550900762
0.3147212812 -0.0552228355
0.3208160252 -0.0553490594
0.3269414715 -0.0554688395
0.3330965704 -0.0555822582
0.3392802673 -0.0556893881
0.3454915028 -0.0557902911
0.3517292125 -0.0558850183
0.3579923276 -0.0559736091
0.3642797751 -0.0560560911
0.3705904774 -0.0561324792
0.3769233535 -0.0562027756
0.3832773181 -0.0562669694
0.3896512825 -0.0563250362
0.3960441546 -0.0563769380
0.4024548390 -0.0564226231
0.4088822373 -0.0564620257
0.4153252481 -0.0564950664
0.4217827675 -0.0565216516
0.4282536890 -0.0565416740
0.4347369039 -0.0565550128
0.4412313013 -0.0565615334
0.4477357684 -0.0565610884
0.4542491907 -0.0565535172
0.4607704521 -0.0565386471
0.4672984354 -0.0565162932
0.4738320219 -0.0564862592
0.4803700921 -0.0564483379
0.4869115258 -0.0564023120
0.4934552022 -0.0563479544
0.5000000000 -0.0562850295
0.5065447978 -0.0562132934
0.5130884742 -0.0561324954
0.5196299079 -0.0560423783
0.5261679781 -0.0559426796
0.5327015646 -0.0558331326
0.5392295479 -0.0557134671
0.5457508093 -0.0555834108
0.5522642316 -0.0554426902
0.5587686987 -0.0552910315
0.5652630961 -0.0551281623
0.5717463110 -0.0549538121
0.5782172325 -0.0547677137
0.5846747519 -0.0545696048
0.5911177627 -0.0543592283
0.5975451610 -0.0541363344
0.6039558454 -0.0539006811
0.6103487175 -0.0536520356
0.6167226819 -0.0533901756
0.6230766465 -0.0531148902
0.6294095226 -0.0528259813
0.6357202249 -0.0525232643
0.6420076724 -0.0522065696
0.6482707875 -0.0518757433
0.6545084972 -0.0515306484
0.6607197327 -0.0511711658
0.6669034296 -0.0507971950
0.6730585285 -0.0504086553
0.6791839748 -0.0500054862
0.6852787188 -0.0495876485
0.6913417162 -0.0491551252
0.6973719282 -0.0487079216
0.7033683215 -0.0482460663
0.7093298688 -0.0477696117
0.7152555484 -0.0472786344
0.7211443451 -0.0467732358
0.7269952499 -0.0462535420
0.7328072602 -0.0457197047
0.7385793801 -0.0451719010
0.7443106207 -0.0446103335
0.7500000000 -0.0440352306
0.7556465430 -0.0434468464
0.7612492824 -0.0428454606
0.7668072580 -0.0422313786
0.7723195175 -0.0416049307
0.7777851165 -0.0409664724
0.7832031185 -0.0403163840
0.7885725950 -0.0396550698
0.7938926261 -0.0389829579
0.7991623003 -0.0383004996
0.8043807145 -0.0376081690
0.8095469747 -0.0369064618
0.8146601955 -0.0361958952
0.8197195010 -0.0354770067
0.8247240242 -0.0347503533
0.8296729076 -0.0340165110
0.8345653032 -0.0332760732
0.8394003728 -0.0325296504
0.8441772878 -0.0317778687
0.8488952299 -0.0310213691
0.8535533906 -0.0302608060
0.8581509717 -0.0294968465
0.8626871855 -0.0287301690
0.8671612547 -0.0279614619
0.8715724127 -0.0271914228
0.8759199037 -0.0264207569
0.8802029828 -0.0256501759
0.8844209160 -0.0248803969
0.8885729807 -0.0241121406
0.8926584654 -0.0233461308
0.8966766701 -0.0225830925
0.9006269063 -0.0218237510
0.9045084972 -0.0210688303
0.9083207776 -0.0203190522
0.9120630943 -0.0195751346
0.9157348062 -0.0188377906
0.9193352840 -0.0181077273
0.9228639109 -0.0173856442
0.9263200822 -0.0166722322
0.9297032058 -0.0159681725
0.9330127019 -0.0152741354
0.9362480035 -0.0145907787
0.9394085563 -0.0139187474
0.9424938187 -0.0132586718
0.9455032621 -0.0126111668
0.9484363708 -0.0119768308
0.9512926422 -0.0113562446
0.9540715869 -0.0107499704
0.9567727288 -0.0101585508
0.9593956051 -0.0095825079
0.9619397663 -0.0090223422
0.9644047764 -0.0084785318
0.9667902132 -0.0079515313
0.9690956680 -0.0074417713
0.9713207455 -0.0069496570
0.9734650647 -0.0064755679
0.9755282581 -0.0060198562
0.9775099722 -0.0055828466
0.9794098674 -0.0051648352
0.9812276182 -0.0047660883
0.9829629131 -0.0043868419
0.9846154549 -0.0040273006
0.9861849602 -0.0036876363
0.9876711603 -0.0033679875
0.9890738004 -0.0030684577
0.9903926402 -0.0027891145
0.9916274538 -0.0025299876
0.9927780295 -0.0022910674
0.9938441703 -0.0020723026
0.9948256934 -0.0018735981
0.9957224307 -0.0016948113
0.9965342285 -0.0015357490
0.9972609477 -0.0013961614
0.9979024638 -0.0012757362
0.9984586669 -0.0011740888
0.9989294616 -0.0010907492
0.9993147674 -0.0010251409
0.9996145181 -0.0009765483
0.9998286625 -0.0009440535
0.9999571638 -0.0009263993
1.0000000000 -0.0009214932
