CST_STATION_065
1.0000000000 0.0011021462
0.9999571638 0.0011034797
0.9998286625 0.0011083024
0.9996145181 0.0011172081
0.9993147674 0.0011305654
0.9989294616 0.0011486569
0.9984586669 0.0011717177
0.9979024638 0.0011999537
0.9972609477 0.0012335507
0.9965342285 0.0012726808
0.9957224307 0.0013175056
0.9948256934 0.0013681796
0.9938441703 0.0014248516
0.9927780295 0.0014876663
0.9916274538 0.0015567651
0.9903926402 0.0016322874
0.9890738004 0.0017143704
0.9876711603 0.0018031502
0.9861849602 0.0018987616
0.9846154549 0.0020013386
0.9829629131 0.0021110143
0.9812276182 0.0022279207
0.9794098674 0.0023521894
0.9775099722 0.0024839507
0.9755282581 0.0026233340
0.9734650647 0.0027704671
0.9713207455 0.0029254767
0.9690956680 0.0030884875
0.9667902132 0.0032596222
0.9644047764 0.0034390011
0.9619397663 0.0036267420
0.9593956051 0.0038229594
0.9567727288 0.0040277648
0.9540715869 0.0042412653
0.9512926422 0.0044635644
0.9484363708 0.0046947607
0.9455032621 0.0049349475
0.9424938187 0.0051842130
0.9394085563 0.0054426393
0.9362480035 0.0057103020
0.9330127019 0.0059872699
0.9297032058 0.0062736044
0.9263200822 0.0065693592
0.9228639109 0.0068745796
0.9193352840 0.0071893022
0.9157348062 0.0075135544
0.9120630943 0.0078473540
0.9083207776 0.0081907085
0.9045084972 0.0085436152
0.9006269063 0.0089060602
0.8966766701 0.0092780182
0.8926584654 0.0096594521
0.8885729807 0.0100503128
0.8844209160 0.0104505386
0.8802029828 0.0108600546
0.8759199037 0.0112787732
0.8715724127 0.0117065930
0.8671612547 0.0121433986
0.8626871855 0.0125890608
0.8581509717 0.0130434361
0.8535533906 0.0135063663
0.8488952299 0.0139776786
0.8441772878 0.0144571855
0.8394003728 0.0149446842
0.8345653032 0.0154399571
0.8296729076 0.0159427716
0.8247240242 0.0164528797
0.8197195010 0.0169700185
0.8146601955 0.0174939100
0.8095469747 0.0180242611
0.8043807145 0.0185607642
0.7991623003 0.0191030966
0.7938926261 0.0196509215
0.7885725950 0.0202038875
0.7832031185 0.0207616295
0.7777851165 0.0213237686
0.7723195175 0.0218899126
0.7668072580 0.0224596564
0.7612492824 0.0230325822
0.7556465430 0.0236082604
0.7500000000 0.0241862496
0.7443106207 0.0247660974
0.7385793801 0.0253473410
0.7328072602 0.0259295075
0.7269952499 0.0265121150
0.7211443451 0.0270946727
0.7152555484 0.0276766820
0.7093298688 0.0282576369
0.7033683215 0.0288370252
0.6973719282 0.0294143287
0.6913417162 0.0299890243
0.6852787188 0.0305605847
0.6791839748 0.0311284795
0.6730585285 0.0316921757
0.6669034296 0.0322511385
0.6607197327 0.0328048325
0.6545084972 0.0333527226
0.6482707875 0.0338942744
0.6420076724 0.0344289557
0.6357202249 0.0349562370
0.6294095226 0.0354755925
0.6230766465 0.0359865013
0.6167226819 0.0364884477
0.6103487175 0.0369809227
0.6039558454 0.0374634247
0.5975451610 0.0379354601
0.5911177627 0.0383965446
0.5846747519 0.0388462038
0.5782172325 0.0392839742
0.5717463110 0.0397094040
0.5652630961 0.0401220536
0.5587686987 0.0405214969
0.5522642316 0.0409073218
0.5457508093 0.0412791308
0.5392295479 0.0416365419
0.5327015646 0.0419791893
0.5261679781 0.0423067239
0.5196299079 0.0426188141
0.5130884742 0.0429151462
0.5065447978 0.0431954249
0.5000000000 0.0434593740
0.4934552022 0.0437067369
0.4869115258 0.0439372766
0.4803700921 0.0441507768
0.4738320219 0.0443470415
0.4672984354 0.0445258956
0.4607704521 0.0446871854
0.4542491907 0.0448307786
0.4477357684 0.0449565641
0.4412313013 0.0450644529
0.4347369039 0.0451543775
0.4282536890 0.0452262924
0.4217827675 0.0452801735
0.4153252481 0.0453160189
0.4088822373 0.0453338480
0.4024548390 0.0453337017
0.3960441546 0.0453156423
0.3896512825 0.0452797531
0.3832773181 0.0452261383
0.3769233535 0.0451549222
0.3705904774 0.0450662497
0.3642797751 0.0449602852
0.3579923276 0.0448372123
0.3517292125 0.0446972337
0.3454915028 0.0445405701
0.3392802673 0.0443674604
0.3330965704 0.0441781603
0.3269414715 0.0439729426
0.3208160252 0.0437520958
0.3147212812 0.0435159239
0.3086582838 0.0432647456
0.3026280718 0.0429988936
0.2966316785 0.0427187139
0.2906701312 0.0424245649
0.2847444516 0.0421168169
0.2788556549 0.0417958514
0.2730047501 0.0414620598
0.2671927398 0.0411158432
0.2614206199 0.0407576111
0.2556893793 0.0403877809
0.2500000000 0.0400067771
0.2443534570 0.0396150303
0.2387507176 0.0392129762
0.2331927420 0.0388010552
0.2276804825 0.0383797115
0.2222148835 0.0379493919
0.2167968815 0.0375105452
0.2114274050 0.0370636215
0.2061073739 0.0366090713
0.2008376997 0.0361473446
0.1956192855 0.0356788902
0.1904530253 0.0352041549
0.1853398045 0.0347235827
0.1802804990 0.0342376142
0.1752759758 0.0337466855
0.1703270924 0.0332512279
0.1654346968 0.0327516669
0.1605996272 0.0322484216
0.1558227122 0.0317419041
0.1511047701 0.0312325186
0.1464466094 0.0307206611
0.1418490283 0.0302067185
0.1373128145 0.0296910681
0.1328387453 0.0291740770
0.1284275873 0.0286561018
0.1240800963 0.0281374874
0.1197970172 0.0276185671
0.1155790840 0.0270996621
0.1114270193 0.0265810803
0.1073415346 0.0260631169
0.1033233299 0.0255460528
0.0993730937 0.0250301552
0.0954915028 0.0245156765
0.0916792224 0.0240028540
0.0879369057 0.0234919098
0.0842651938 0.0229830502
0.0806647160 0.0224764650
0.0771360891 0.0219723279
0.0736799178 0.0214707953
0.0702967942 0.0209720065
0.0669872981 0.0204760830
0.0637519965 0.0199831283
0.0605914437 0.0194932273
0.0575061813 0.0190064460
0.0544967379 0.0185228311
0.0515636292 0.0180424095
0.0487073578 0.0175651876
0.0459284131 0.0170911509
0.0432272712 0.0166202633
0.0406043949 0.0161524666
0.0380602337 0.0156876793
0.0355952236 0.0152257959
0.0332097868 0.0147666861
0.0309043320 0.0143101930
0.0286792545 0.0138561323
0.0265349353 0.0134042902
0.0244717419 0.0129544217
0.0224900278 0.0125062480
0.0205901326 0.0120594540
0.0187723818 0.0116136850
0.0170370869 0.0111685421
0.0153845451 0.0107235779
0.0138150398 0.0102782896
0.0123288397 0.0098321122
0.0109261996 0.0093844078
0.0096073598 0.0089344543
0.0083725462 0.0084814284
0.0072219705 0.0080243855
0.0061558297 0.0075622308
0.0051743066 0.0070936816
0.0042775693 0.0066172131
0.0034657715 0.0061309814
0.0027390523 0.0056327082
0.0020975362 0.0051195023
0.0015413331 0.0045875670
0.0010705384 0.0040316902
0.0006852326 0.0034442715
0.0003854819 0.0028132251
0.0001713375 0.0021165236
0.0000428362 0.0013022804
0.0000000000 0.0000000000
0.0000428362 -0.0026712398
0.0001713375 -0.0043392200
0.0003854819 -0.0057627925
0.0006852326 -0.0070473646
0.0010705384 -0.0082371965
0.0015413331 -0.0093562313
0.0020975362 -0.0104192709
0.0027390523 -0.0114362692
0.0034657715 -0.0124143205
0.0042775693 -0.0133587030
0.0051743066 -0.0142734748
0.0061558297 -0.0151618387
0.0072219705 -0.0160263769
0.0083725462 -0.0168692082
0.0096073598 -0.0176920979
0.0109261996 -0.0184965354
0.0123288397 -0.0192837920
0.0138150398 -0.0200549629
0.0153845451 -0.0208110007
0.0170370869 -0.0215527399
0.0187723818 -0.0222809170
0.0205901326 -0.0229961861
0.0224900278 -0.0236991313
0.0244717419 -0.0243902771
0.0265349353 -0.0250700969
0.0286792545 -0.0257390193
0.0309043320 -0.0263974340
0.0332097868 -0.0270456967
0.0355952236 -0.0276841326
0.0380602337 -0.0283130402
0.0406043949 -0.0289326935
0.0432272712 -0.0295433447
0.0459284131 -0.0301452259
0.0487073578 -0.0307385510
0.0515636292 -0.0313235169
0.0544967379 -0.0319003046
0.0575061813 -0.0324690805
0.0605914437 -0.0330299967
0.0637519965 -0.0335831922
0.0669872981 -0.0341287932
0.0702967942 -0.0346669134
0.0736799178 -0.0351976548
0.0771360891 -0.0357211075
0.0806647160 -0.0362373505
0.0842651938 -0.0367464514
0.0879369057 -0.0372484666
0.0916792224 -0.0377434420
0.0954915028 -0.0382314122
0.0993730937 -0.0387124013
0.1033233299 -0.0391864224
0.1073415346 -0.0396534781
0.1114270193 -0.0401135603
0.1155790840 -0.0405666502
0.1197970172 -0.0410127183
0.1240800963 -0.0414517248
0.1284275873 -0.0418836191
0.1328387453 -0.0423083403
0.1373128145 -0.0427258172
0.1418490283 -0.0431359680
0.1464466094 -0.0435387011
0.1511047701 -0.0439339144
0.1558227122 -0.0443214964
0.1605996272 -0.0447013255
0.1654346968 -0.0450732707
0.1703270924 -0.0454371917
0.1752759758 -0.0457929393
0.1802804990 -0.0461403553
0.1853398045 -0.0464792732
0.1904530253 -0.0468095183
0.1956192855 -0.0471309085
0.2008376997 -0.0474432539
0.2061073739 -0.0477463580
0.2114274050 -0.0480400177
0.2167968815 -0.0483240241
0.2222148835 -0.0485981627
0.2276804825 -0.0488622141
0.2331927420 -0.0491159545
0.2387507176 -0.0493591566
0.2443534570 -0.0495915896
0.2500000000 -0.0498130205
0.2556893793 -0.0500232140
0.2614206199 -0.0502219341
0.2671927398 -0.0504089440
0.2730047501 -0.0505840071
0.2788556549 -0.0507468878
0.2847444516 -0.0508973522
0.2906701312 -0.0510351687
0.2966316785 -0.0511601087
0.3026280718 -0.0512719478
0.3086582838 -0.0513704661
0.3147212812 -0.0514554490
0.3208160252 -0.0515266881
0.3269414715 -0.0515839820
0.3330965704 -0.0516271370
0.3392802673 -0.0516559676
0.3454915028 -0.0516702974
0.3517292125 -0.0516699602
0.3579923276 -0.0516547998
0.3642797751 -0.0516246715
0.3705904774 -0.0515794425
0.3769233535 -0.0515189923
0.3832773181 -0.0514432137
0.3896512825 -0.0513520131
0.3960441546 -0.0512453111
0.4024548390 -0.0511230432
0.4088822373 -0.0509851600
0.4153252481 -0.0508316279
0.4217827675 -0.0506624295
0.4282536890 -0.0504775638
0.4347369039 -0.0502770469
0.4412313013 -0.0500609118
0.4477357684 -0.0498292091
0.4542491907 -0.0495820071
0.4607704521 -0.0493193918
0.4672984354 -0.0490414673
0.4738320219 -0.0487483557
0.4803700921 -0.0484401973
0.4869115258 -0.0481171505
0.4934552022 -0.0477793915
0.5000000000 -0.0474271150
0.5065447978 -0.0470605329
0.5130884742 -0.0466798754
0.5196299079 -0.0462853895
0.5261679781 -0.0458773398
0.5327015646 -0.0454560076
0.5392295479 -0.0450216905
0.5457508093 -0.0445747025
0.5522642316 -0.0441153730
0.5587686987 -0.0436440465
0.5652630961 -0.0431610824
0.5717463110 -0.0426668540
0.5782172325 -0.0421617480
0.5846747519 -0.0416461641
0.5911177627 -0.0411205143
0.5975451610 -0.0405852219
0.6039558454 -0.0400407212
0.6103487175 -0.0394874565
0.6167226819 -0.0389258814
0.6230766465 -0.0383564582
0.6294095226 -0.0377796568
0.6357202249 -0.0371959541
0.6420076724 -0.0366058330
0.6482707875 -0.0360097819
0.6545084972 -0.0354082934
0.6607197327 -0.0348018638
0.6669034296 -0.0341909921
0.6730585285 -0.0335761792
0.6791839748 -0.0329579268
0.6852787188 -0.0323367371
0.6913417162 -0.0317131112
0.6973719282 -0.0310875490
0.7033683215 -0.0304605479
0.7093298688 -0.0298326021
0.7152555484 -0.0292042017
0.7211443451 -0.0285758324
0.7269952499 -0.0279479740
0.7328072602 -0.0273211001
0.7385793801 -0.0266956775
0.7443106207 -0.0260721650
0.7500000000 -0.0254510133
0.7556465430 -0.0248326639
0.7612492824 -0.0242175488
0.7668072580 -0.0236060898
0.7723195175 -0.0229986979
0.7777851165 -0.0223957727
0.7832031185 -0.0217977022
0.7885725950 -0.0212048621
0.7938926261 -0.0206176157
0.7991623003 -0.0200363129
0.8043807145 -0.0194612905
0.8095469747 -0.0188928717
0.8146601955 -0.0183313656
0.8197195010 -0.0177770674
0.8247240242 -0.0172302576
0.8296729076 -0.0166912024
0.8345653032 -0.0161601536
0.8394003728 -0.0156373479
0.8441772878 -0.0151230074
0.8488952299 -0.0146173396
0.8535533906 -0.0141205370
0.8581509717 -0.0136327776
0.8626871855 -0.0131542248
0.8671612547 -0.0126850274
0.8715724127 -0.0122253201
0.8759199037 -0.0117752233
0.8802029828 -0.0113348435
0.8844209160 -0.0109042735
0.8885729807 -0.0104835929
0.8926584654 -0.0100728679
0.8966766701 -0.0096721521
0.9006269063 -0.0092814866
0.9045084972 -0.0089009002
0.9083207776 -0.0085304102
0.9120630943 -0.0081700225
0.9157348062 -0.0078197319
0.9193352840 -0.0074795229
0.9228639109 -0.0071493698
0.9263200822 -0.0068292373
0.9297032058 -0.0065190808
0.9330127019 -0.0062188472
0.9362480035 -0.0059284749
0.9394085563 -0.0056478945
0.9424938187 -0.0053770296
0.9455032621 -0.0051157965
0.9484363708 -0.0048641053
0.9512926422 -0.0046218603
0.9540715869 -0.0043889599
0.9567727288 -0.0041652979
0.9593956051 -0.0039507633
0.9619397663 -0.0037452408
0.9644047764 -0.0035486116
0.9667902132 -0.0033607534
0.9690956680 -0.0031815409
0.9713207455 -0.0030108462
0.9734650647 -0.0028485390
0.9755282581 -0.0026944871
0.9775099722 -0.0025485568
0.9794098674 -0.0024106126
0.9812276182 -0.0022805180
0.9829629131 -0.0021581355
0.9846154549 -0.0020433264
0.9861849602 -0.0019359516
0.9876711603 -0.0018358709
0.9890738004 -0.0017429435
0.9903926402 -0.0016570275
0.9916274538 -0.0015779801
0.9927780295 -0.0015056570
0.9938441703 -0.0014399121
0.9948256934 -0.0013805969
0.9957224307 -0.0013275597
0.9965342285 -0.0012806444
0.9972609477 -0.0012396893
0.9979024638 -0.0012045249
0.9984586669 -0.0011749712
0.9989294616 -0.0011508337
0.9993147674 -0.0011318970
0.9996145181 -0.0011179149
0.9998286625 -0.0011085919
0.9999571638 -0.0011035427
1.0000000000 -0.0011021462
